     0.000    -0.031
   111.500    -0.156
   120.500    -0.425
   130.000    -0.666
   139.500    -0.784
   149.000    -0.736
   159.000    -0.824
   168.500    -1.092
   178.000    -1.104
   188.000    -1.093
   197.500    -1.208
   207.000    -1.423
   217.000    -1.266
   227.000    -1.004
   237.000    -0.829
   247.000    -0.966
   257.500    -1.014
   268.000    -0.950
   278.500    -1.002
   289.500    -1.092
   300.000    -1.049
   310.500    -0.806
   321.500    -0.819
   332.000    -0.805
   342.500    -0.788
   353.500    -0.867
   364.500    -0.916
   375.500    -0.979
   386.500    -1.108
   398.000    -1.005
   409.000    -1.141
   419.500    -1.338
   430.500    -1.569
   441.000    -1.646
   451.500    -1.729
   462.500    -1.578
   473.500    -1.520
   485.000    -1.604
   496.500    -1.516
   508.000    -1.499
   520.000    -1.472
   532.500    -1.340
   545.000    -1.231
   557.000    -1.204
   569.000    -1.208
   581.500    -1.083
   594.000    -1.110
   606.000    -1.061
   618.000    -1.111
   630.000    -1.273
   642.000    -1.318
   654.000    -1.205
   666.500    -1.236
   679.500    -1.452
   692.500    -1.446
   705.000    -1.603
   717.500    -1.431
   730.500    -1.331
   743.500    -1.131
   756.500    -0.953
   769.000    -0.786
   781.000    -0.948
   793.500    -0.876
   806.000    -0.805
   818.000    -0.725
   830.000    -0.666
   841.500    -0.684
   853.000    -0.668
   865.500    -0.767
   879.000    -0.811
   892.500    -0.918
   906.000    -0.936
   920.000    -0.852
   934.500    -0.707
   949.000    -0.757
   963.000    -0.729
   977.500    -0.785
   992.000    -0.762
  1006.000    -0.793
  1020.000    -0.773
  1034.000    -0.696
  1048.000    -0.552
  1062.000    -0.512
  1076.000    -0.030
  1090.000     0.376
  1104.000     0.434
  1118.500     0.334
  1133.000     0.757
  1146.500     0.776
  1160.000     0.852
  1173.500     0.846
  1186.500     0.662
  1199.500     0.655
  1212.500     0.153
  1226.000    -0.437
  1239.500    -0.633
  1253.000    -0.619
  1266.500    -1.027
  1280.000    -0.983
  1293.500    -0.699
  1306.500    -0.818
  1320.000    -0.781
  1333.500    -0.696
  1346.000    -0.802
  1355.000    -0.571
  1361.000    -0.194
  1366.500    -0.139
  1372.000    -0.057
  1378.000    -0.244
  1384.500    -0.586
  1391.500    -0.485
  1398.500    -0.369
  1406.500    -0.576
  1415.000    -0.462
  1423.500    -0.329
  1432.000    -0.545
  1440.000    -0.256
  1448.000    -0.256
  1455.500    -0.277
  1462.500    -0.404
  1469.500    -0.562
  1476.500    -0.593
  1483.500    -0.503
  1490.500    -0.556
  1498.000    -0.901
  1505.500    -0.946
  1512.500    -1.223
  1519.500    -1.254
  1526.500    -1.110
  1533.500    -1.092
  1540.500    -0.926
  1547.500    -0.916
  1554.500    -0.719
  1561.500    -0.580
  1568.500    -0.426
  1575.500    -0.517
  1582.500    -0.675
  1590.000    -0.655
  1597.500    -0.413
  1604.500    -0.218
  1612.000    -0.390
  1619.500    -0.390
  1627.000    -0.655
  1634.500    -0.798
  1642.000    -0.658
  1649.500    -0.536
  1656.500    -0.295
  1663.500    -0.299
  1670.000    -0.357
  1676.500    -0.347
  1683.500    -0.234
  1690.500    -0.247
  1697.500    -0.333
  1705.000    -0.240
  1712.500    -0.471
  1720.000    -0.471
  1727.500    -0.497
  1735.000    -0.655
  1742.500    -0.820
  1750.000    -0.896
  1757.500    -0.871
  1764.500    -0.798
  1771.500    -0.341
  1778.500    -0.333
  1785.500    -0.182
  1793.000    -0.175
  1800.500    -0.092
  1808.000     0.095
  1816.500     0.071
  1825.000     0.151
  1833.000     0.123
  1841.500    -0.059
  1850.000    -0.384
  1858.000    -0.618
  1866.000    -0.740
  1874.000    -0.645
  1882.000    -0.719
  1890.000    -0.750
  1898.000    -0.559
  1906.000    -0.459
  1913.500    -0.311
  1921.000    -0.098
  1928.500    -0.073
  1935.500     0.133
  1943.000     0.254
  1950.500     0.045
  1957.500    -0.000
  1964.500    -0.062
  1971.500     0.013
  1978.500    -0.045
  1985.500    -0.200
  1992.500    -0.179
  2000.000     0.023
  2007.500    -0.127
  2014.500    -0.038
  2022.000     0.250
  2029.500     0.159
  2037.000     0.207
  2044.500     0.114
  2051.500    -0.126
  2058.500    -0.155
  2065.500    -0.282
  2072.500    -0.647
  2079.500    -0.815
  2086.500    -0.849
  2094.000    -1.061
  2101.500    -0.905
  2108.500    -0.905
  2115.500    -1.108
  2122.500    -0.885
  2129.500    -0.605
  2137.000    -0.348
  2144.500     0.151
  2151.500     0.569
  2159.000     0.324
  2167.000     0.251
  2175.000     0.079
  2182.500    -0.081
  2190.000    -0.086
  2198.000    -0.103
  2205.500    -0.189
  2212.500    -0.299
  2220.000    -0.525
  2227.500    -0.650
  2234.500    -0.287
  2242.000    -0.090
  2249.500    -0.051
  2256.500    -0.114
  2264.000     0.023
  2272.000    -0.175
  2280.000    -0.291
  2288.000    -0.404
  2295.500    -0.409
  2303.000    -0.393
  2311.500    -0.502
  2321.000    -0.676
  2330.500    -0.623
  2340.000    -0.339
  2349.500    -0.259
  2358.500    -0.168
  2367.000    -0.079
  2375.500    -0.055
  2384.000    -0.049
  2392.500    -0.077
  2401.000    -0.099
  2409.500    -0.029
  2418.000    -0.094
  2426.500    -0.341
  2435.000    -0.419
  2443.500    -0.363
  2452.000    -0.566
  2460.500    -0.559
  2469.000    -0.629
  2477.000    -0.584
  2485.000    -0.703
  2493.000    -0.790
  2501.000    -0.654
  2509.000    -0.464
  2517.000    -0.512
  2525.000    -0.771
  2532.500    -0.679
  2540.000    -0.547
  2547.500    -0.681
  2555.000    -0.863
  2563.000    -0.907
  2571.000    -0.909
  2579.000    -0.783
  2586.500    -0.871
  2594.000    -0.733
  2602.000    -0.517
  2610.000    -0.476
  2617.500    -0.426
  2624.500    -0.231
  2632.000    -0.081
  2639.500    -0.092
  2646.500    -0.100
  2654.000    -0.237
  2662.000    -0.160
  2670.000    -0.175
  2678.000    -0.111
  2685.500     0.087
  2693.000    -0.088
  2701.000    -0.153
  2709.000    -0.060
  2716.500     0.048
  2724.000     0.259
  2731.500     0.101
  2739.000     0.045
  2746.500     0.061
  2753.500     0.017
  2760.500    -0.168
  2768.000     0.005
  2775.500     0.228
  2782.500     0.220
  2789.500     0.247
  2796.500     0.165
  2803.500     0.242
  2810.500     0.412
  2817.500     0.365
  2824.500     0.582
  2831.500     0.675
  2838.500     0.503
  2845.500     0.332
  2852.500     0.328
  2859.500     0.472
  2867.000     0.744
  2874.500     0.811
  2882.000     0.595
  2890.000     0.581
  2897.500     0.354
  2905.000     0.324
  2912.500     0.376
  2920.000     0.367
  2927.500     0.406
  2935.000     0.287
  2942.500     0.083
  2950.000     0.108
  2957.500     0.278
  2965.000     0.203
  2973.000     0.263
  2981.000     0.240
  2989.000     0.292
  2997.000     0.177
  3005.000     0.173
  3013.000    -0.003
  3020.500    -0.161
  3028.000    -0.335
  3036.000    -0.482
  3043.500    -0.442
  3051.000    -0.503
  3058.500    -0.350
  3066.000    -0.456
  3073.500    -0.394
  3081.000    -0.623
  3088.500    -0.612
  3095.500    -0.434
  3103.000    -0.207
  3110.500    -0.199
  3118.000    -0.289
  3125.500    -0.380
  3133.000    -0.592
  3140.500    -0.517
  3148.000    -0.365
  3155.500     0.026
  3163.000     0.111
  3171.000     0.105
  3179.500     0.018
  3188.500     0.026
  3197.000     0.160
  3205.500     0.296
  3214.000     0.395
  3222.000     0.364
  3230.000     0.094
  3238.500    -0.113
  3247.000    -0.209
  3255.000    -0.250
  3263.500    -0.217
  3272.000    -0.195
  3280.000    -0.226
  3288.000    -0.189
  3296.000    -0.125
  3304.000    -0.025
  3312.000     0.173
  3320.000     0.231
  3328.000     0.363
  3336.000     0.311
  3344.000     0.354
  3352.500     0.420
  3361.000     0.558
  3369.000     0.610
  3377.000     0.537
  3385.000     0.610
  3393.500     0.711
  3402.000     0.735
  3410.000     0.771
  3418.000     0.794
  3426.000     0.658
  3434.000     0.556
  3442.000     0.308
  3450.500     0.131
  3459.000     0.091
  3467.000    -0.402
  3474.500    -0.458
  3482.000    -0.633
  3490.000    -0.503
  3498.000    -0.512
  3506.500    -0.291
  3515.000    -0.317
  3523.000    -0.205
  3531.000    -0.127
  3539.000    -0.092
  3546.500     0.163
  3554.500    -0.010
  3563.000     0.027
  3571.000    -0.196
  3579.000    -0.231
  3587.500    -0.256
  3596.000    -0.111
  3604.000    -0.044
  3612.000     0.049
  3619.500     0.123
  3626.500     0.199
  3633.500     0.254
  3641.000     0.156
  3648.500     0.189
  3655.500     0.187
  3662.500     0.411
  3670.000     0.399
  3678.000     0.373
  3686.000     0.413
  3693.500     0.277
  3701.000     0.260
  3709.000     0.413
  3717.000     0.672
  3725.000     0.755
  3733.000     0.688
  3740.500     0.403
  3748.000     0.374
  3756.000     0.517
  3764.000     0.508
  3772.500     0.554
  3781.000     0.465
  3789.000     0.422
  3797.500     0.311
  3806.000     0.164
  3814.000     0.195
  3822.000     0.120
  3830.000     0.242
  3837.500     0.100
  3845.000     0.125
  3852.500     0.130
  3860.000     0.268
  3868.000     0.404
  3876.000     0.549
  3884.500     0.777
  3893.500     0.879
  3902.500     0.927
  3911.000     0.887
  3919.500     0.854
  3928.500     0.792
  3937.500     0.865
  3946.500     0.720
  3955.000     0.426
  3963.500     0.209
  3972.000     0.077
  3980.500    -0.022
  3989.000    -0.062
  3997.500    -0.045
  4006.000     0.026
  4014.000    -0.073
  4022.000    -0.120
  4030.000     0.001
  4038.000     0.010
  4046.000     0.062
  4054.000     0.087
  4062.000     0.350
  4070.000     0.439
  4078.000     0.352
  4086.000     0.356
  4094.000     0.546
  4102.000     0.611
  4110.000     0.586
  4118.000     0.675
  4126.000     0.660
  4134.000     0.598
  4142.000     0.536
  4150.000     0.329
  4158.000     0.300
  4166.000     0.321
  4174.500     0.126
  4182.500     0.181
  4190.000     0.269
  4198.000     0.404
  4206.000     0.324
  4214.000     0.433
  4222.000     0.415
  4230.000     0.656
  4238.000     0.748
  4245.500     0.828
  4253.000     0.865
  4261.000     0.602
  4269.000     0.640
  4276.500     0.464
  4284.000     0.407
  4292.000     0.460
  4299.500     0.424
  4307.000     0.381
  4315.000     0.446
  4323.000     0.312
  4331.500     0.352
  4340.000     0.257
  4348.500     0.192
  4357.000     0.394
  4365.000     0.491
  4373.000     0.300
  4381.000     0.151
  4389.000    -0.012
  4397.500    -0.139
  4406.000    -0.199
  4414.000    -0.199
  4422.000    -0.023
  4430.000    -0.022
  4438.000    -0.163
  4446.500    -0.083
  4455.000    -0.023
  4463.000     0.161
  4471.000     0.260
  4479.000     0.281
  4487.000     0.217
  4495.000     0.081
  4503.000     0.105
  4510.500     0.283
  4518.500     0.308
  4527.000     0.321
  4535.500     0.489
  4544.500     0.534
  4553.500     0.500
  4562.000     0.506
  4570.500     0.532
  4579.500     0.682
  4588.000     0.725
  4596.500     0.391
  4605.000     0.324
  4613.500     0.250
  4622.500     0.104
  4631.000    -0.126
  4639.500    -0.120
  4648.000    -0.187
  4656.000    -0.030
  4664.500    -0.017
  4673.000     0.120
  4681.500     0.200
  4690.000     0.082
  4698.000     0.126
  4706.500     0.088
  4715.000     0.142
  4723.000     0.242
  4731.000     0.143
  4739.000     0.014
  4747.000     0.133
  4755.000     0.130
  4763.000     0.192
  4771.500     0.280
  4780.000     0.282
  4788.500     0.365
  4797.000     0.426
  4805.000     0.422
  4813.500     0.624
  4822.000     0.649
  4830.500     0.467
  4839.500     0.376
  4848.000     0.361
  4856.500     0.447
  4865.000     0.659
  4873.500     0.937
  4882.000     1.013
  4890.000     0.855
  4898.000     0.940
  4906.000     1.014
  4914.500     0.961
  4923.000     0.933
  4931.000     1.039
  4939.000     1.104
  4947.000     0.880
  4955.500     0.513
  4964.000     0.368
  4972.500     0.482
  4981.000     0.204
  4989.500     0.144
  4998.500     0.199
  5007.500     0.381
  5016.000     0.239
  5024.500     0.062
  5033.500    -0.003
  5042.000     0.057
  5050.500     0.122
  5059.500     0.114
  5068.500     0.034
  5077.500     0.040
  5086.500     0.174
  5095.500    -0.094
  5104.500     0.010
  5113.000     0.098
  5121.500     0.138
  5130.000     0.012
  5138.500    -0.240
  5147.000    -0.191
  5155.500     0.147
  5164.000     0.294
  5172.500     0.237
  5181.000     0.316
  5189.000     0.229
  5197.000     0.225
  5205.500     0.305
  5214.000     0.603
  5222.500     0.809
  5231.500     0.841
  5240.500     0.759
  5249.500     0.785
  5258.500     0.793
  5267.500     0.839
  5276.500     0.890
  5285.000     0.926
  5293.500     0.835
  5302.000     0.526
  5310.500     0.511
  5319.500     0.547
  5328.000     0.326
  5336.500     0.010
  5345.000    -0.122
  5353.000    -0.239
  5361.500    -0.250
  5370.500    -0.404
  5379.000    -0.260
  5387.500    -0.108
  5396.000    -0.059
  5404.500    -0.026
  5413.500     0.182
  5423.000     0.300
  5433.000     0.419
  5443.000     0.493
  5453.000     0.633
  5462.500     0.611
  5471.500     0.538
  5481.000     0.503
  5490.500     0.446
  5499.500     0.096
  5508.500     0.085
  5518.000     0.178
  5528.000     0.083
  5538.000    -0.029
  5548.000    -0.165
  5557.500    -0.062
  5566.500    -0.029
  5575.000    -0.131
  5583.000    -0.055
  5591.500     0.205
  5600.000     0.166
  5608.500     0.169
  5617.000     0.175
  5625.500     0.095
  5634.500     0.064
  5643.500    -0.039
  5652.500    -0.131
  5661.500    -0.027
  5670.500    -0.030
  5679.500    -0.118
  5688.500    -0.049
  5697.500    -0.078
  5706.500     0.159
  5715.000     0.473
  5723.500     0.486
  5732.500     0.589
  5741.500     0.686
  5750.500     0.750
  5759.000     0.978
  5767.500     1.061
  5776.000     0.979
  5784.000     0.929
  5792.500     0.776
  5801.000     0.511
  5809.000     0.460
  5817.500     0.494
  5826.500     0.481
  5835.000     0.333
  5843.500     0.071
  5852.500    -0.033
  5861.000    -0.013
  5869.000    -0.061
  5877.500    -0.155
  5886.000    -0.109
  5894.500     0.008
  5903.500     0.185
  5912.500     0.122
  5921.500     0.339
  5931.000     0.280
  5940.500     0.239
  5950.000     0.364
  5959.500     0.426
  5969.000     0.506
  5979.000     0.467
  5989.000     0.217
  5998.500     0.016
  6007.500     0.238
  6016.500     0.226
  6025.500     0.325
  6034.500     0.413
  6043.500     0.328
  6052.500     0.549
  6061.500     0.599
  6071.000     0.628
  6080.500     0.814
  6089.500     0.836
  6099.000     0.642
  6117.500     0.424
  6127.000     0.399
  6136.500     0.381
  6145.500     0.497
  6155.000     0.190
  6164.500     0.095
  6173.500    -0.040
  6182.500    -0.048
  6192.000    -0.031
  6201.500    -0.017
  6210.500     0.138
  6220.000     0.042
  6229.500     0.051
  6239.000    -0.196
  6249.000    -0.186
  6258.500    -0.190
  6268.000     0.130
  6278.000     0.000
  6288.500    -0.109
  6299.000    -0.126
  6309.000    -0.199
  6318.500    -0.280
  6328.000    -0.302
  6338.000    -0.272
  6348.000    -0.192
  6358.000    -0.386
  6368.500    -0.598
  6379.000    -0.402
  6389.000    -0.224
  6399.000    -0.172
  6409.000    -0.164
  6419.000     0.070
  6429.000     0.065
  6438.500     0.322
  6447.500     0.260
  6456.500     0.485
  6465.500     0.656
  6475.000     0.637
  6484.500     0.456
  6494.000     0.422
  6504.500     0.462
  6515.000     0.385
  6525.500     0.442
  6535.500     0.164
  6545.000     0.094
  6554.500     0.081
  6564.000     0.013
  6574.000     0.053
  6584.000     0.186
  6594.500     0.368
  6605.500     0.341
  6616.000     0.377
  6626.500     0.329
  6637.000     0.472
  6647.000     0.709
  6657.500     0.731
  6668.000     0.768
  6678.000     0.523
  6687.500     0.441
  6697.000     0.116
  6707.000     0.068
  6717.000    -0.030
  6726.500     0.086
  6736.000    -0.079
  6746.000    -0.073
  6756.000    -0.099
  6765.500    -0.130
  6775.500     0.095
  6786.000     0.094
  6796.500     0.155
  6807.000     0.165
  6817.000     0.182
  6827.000     0.096
  6836.500     0.274
  6846.000     0.189
  6855.500     0.070
  6865.000     0.144
  6874.500     0.030
  6883.500     0.014
  6892.000     0.064
  6900.500     0.086
  6910.000     0.133
  6919.500    -0.144
  6929.000    -0.265
  6939.000    -0.181
  6948.500    -0.003
  6958.000    -0.052
  6968.000     0.075
  6978.000     0.112
  6987.500    -0.027
  6997.000    -0.059
  7007.000    -0.003
  7017.000     0.177
  7027.000     0.304
  7037.000     0.160
  7047.000    -0.005
  7057.500    -0.117
  7068.000    -0.216
  7078.000    -0.228
  7088.000    -0.264
  7097.500    -0.335
  7107.500    -0.409
  7118.000    -0.260
  7128.000    -0.380
  7138.000    -0.342
  7148.500    -0.319
  7159.000    -0.280
  7170.000    -0.260
  7181.500    -0.346
  7192.500    -0.234
  7203.500    -0.143
  7214.500    -0.123
  7225.000    -0.355
  7235.500    -0.330
  7246.000    -0.312
  7256.500    -0.214
  7267.000    -0.217
  7277.500    -0.252
  7288.000    -0.247
  7297.500    -0.161
  7307.000    -0.135
  7316.500     0.047
  7325.500     0.142
  7335.000     0.055
  7344.500    -0.213
  7354.500    -0.260
  7365.500    -0.337
  7376.000    -0.316
  7386.500    -0.237
  7397.000    -0.309
  7407.500    -0.564
  7418.500    -0.646
  7429.500    -0.598
  7440.000    -0.558
  7450.500    -0.360
  7461.000    -0.529
  7471.000    -0.395
  7481.000    -0.447
  7501.000    -0.494
  7511.000    -0.404
  7521.000    -0.200
  7531.000    -0.328
  7540.500    -0.291
  7549.500    -0.242
  7559.000    -0.238
  7568.500    -0.137
  7577.500    -0.172
  7587.000    -0.165
  7596.500     0.006
  7606.000    -0.168
  7615.500    -0.231
  7624.500    -0.359
  7634.500    -0.521
  7645.000    -0.663
  7655.000    -0.722
  7665.500    -0.763
  7676.000    -0.818
  7685.500    -0.715
  7695.000    -0.659
  7704.500    -0.612
  7714.000    -0.650
  7723.500    -0.538
  7733.000    -0.429
  7743.000    -0.381
  7753.000    -0.231
  7763.000    -0.211
  7773.000    -0.244
  7782.500    -0.242
  7792.000    -0.494
  7802.000    -0.541
  7812.000    -0.441
  7822.500    -0.489
  7833.500    -0.536
  7844.000    -0.526
  7854.500    -0.660
  7865.000    -0.621
  7875.000    -0.634
  7885.000    -0.669
  7895.000    -0.541
  7905.500    -0.634
  7916.000    -0.667
  7926.000    -0.667
  7936.000    -0.866
  7946.000    -0.842
  7956.500    -0.896
  7967.000    -0.935
  7977.000    -0.962
  7987.500    -1.152
  7998.000    -1.260
  8008.500    -1.083
  8019.000    -1.143
  8029.500    -1.197
  8040.000    -0.978
  8050.500    -0.950
  8061.500    -0.967
  8072.500    -1.026
  8083.000    -0.900
  8093.500    -0.783
  8104.000    -0.715
  8113.500    -0.676
  8123.000    -0.746
  8133.000    -0.716
  8143.500    -0.731
  8154.500    -0.900
  8165.500    -0.988
  8176.500    -0.871
  8187.500    -0.820
  8198.500    -1.015
  8209.500    -1.066
  8220.000    -1.050
  8230.500    -0.832
  8241.000    -0.659
  8251.000    -0.754
  8261.000    -0.624
  8271.000    -0.524
  8281.500    -0.638
  8292.000    -0.881
  8302.000    -0.806
  8312.000    -0.902
  8322.500    -1.031
  8333.000    -1.227
  8343.500    -1.373
  8354.000    -1.275
  8364.500    -1.271
  8375.500    -1.152
  8386.000    -1.054
  8396.500    -0.857
  8407.500    -0.916
  8418.000    -0.718
  8428.500    -0.797
  8439.000    -0.684
  8449.000    -0.611
  8459.000    -0.664
  8469.000    -0.701
  8479.000    -0.660
  8489.000    -0.822
  8499.000    -0.816
  8509.000    -0.758
  8519.500    -0.927
  8530.000    -0.793
  8540.000    -0.855
  8550.500    -0.897
  8561.000    -0.837
  8571.000    -1.005
  8581.000    -1.322
  8591.000    -1.243
  8601.000    -1.248
  8611.000    -1.184
  8621.000    -1.137
  8631.500    -1.182
  8642.000    -1.067
  8652.000    -1.100
  8662.500    -1.066
  8673.000    -0.819
  8683.500    -0.647
  8694.500    -0.605
  8705.500    -0.618
  8716.500    -0.751
  8727.500    -0.536
  8738.500    -0.403
  8749.000    -0.465
  8759.500    -0.420
  8770.000    -0.607
  8780.500    -0.792
  8791.500    -0.859
  8803.000    -0.784
  8814.500    -0.610
  8826.000    -0.425
  8837.500    -0.618
  8848.000    -0.750
  8858.500    -0.850
  8869.000    -0.874
  8879.500    -0.689
  8890.000    -0.625
  8900.500    -0.562
  8911.000    -0.621
  8921.500    -0.766
  8932.500    -0.738
  8943.000    -0.757
  8953.000    -0.585
  8963.500    -0.542
  8974.000    -0.636
  8984.500    -0.738
  8995.000    -0.742
  9005.500    -0.712
  9016.000    -0.728
  9026.500    -0.723
  9037.500    -0.382
  9048.000    -0.325
  9058.500    -0.638
  9069.000    -0.576
  9079.000    -0.428
  9089.000    -0.257
  9099.500    -0.294
  9110.500    -0.259
  9121.500    -0.238
  9132.500    -0.133
  9143.500    -0.438
  9154.500    -0.482
  9165.500    -0.217
  9176.000    -0.109
  9186.500    -0.163
  9197.000    -0.344
  9207.000    -0.255
  9217.000    -0.350
  9227.000    -0.252
  9237.500    -0.451
  9248.500    -0.530
  9283.000    -0.558
  9295.000    -0.702
  9307.000    -0.956
  9319.500    -0.854
  9332.000    -0.745
  9343.500    -0.796
  9354.500    -0.711
  9365.500    -0.819
  9376.500    -0.770
  9387.000    -0.750
  9397.500    -0.719
  9408.000    -0.692
  9418.000    -0.473
  9428.500    -0.407
  9439.000    -0.519
  9449.000    -0.487
  9459.500    -0.434
  9470.500    -0.378
  9482.000    -0.242
  9493.500    -0.194
  9505.000    -0.116
  9517.000    -0.148
  9528.500    -0.209
  9539.500    -0.256
  9573.000     0.064
  9583.500     0.144
  9594.500     0.220
  9605.500     0.202
  9616.500     0.101
  9627.500     0.026
  9638.500    -0.060
  9649.500     0.062
  9660.000     0.014
  9670.500    -0.270
  9681.000    -0.372
  9691.000    -0.259
  9701.000    -0.294
  9711.500    -0.298
  9722.000    -0.315
  9732.000    -0.269
  9742.000    -0.242
  9751.500    -0.183
  9761.000    -0.248
  9770.500    -0.147
  9780.000    -0.172
  9790.500    -0.224
  9801.500    -0.213
  9813.000    -0.152
  9824.500    -0.203
  9836.000    -0.213
  9847.500    -0.117
  9859.000    -0.196
  9870.500    -0.065
  9882.000     0.134
  9893.000     0.130
  9903.500     0.101
  9915.000    -0.040
  9926.500    -0.038
  9938.000     0.006
  9949.500     0.057
  9960.500    -0.094
  9972.000    -0.207
  9983.000    -0.203
  9993.500    -0.417
 10004.000    -0.489
 10014.500    -0.534
 10025.000    -0.337
 10035.000    -0.487
 10045.000    -0.452
 10055.500    -0.499
 10066.500    -0.498
 10077.500    -0.424
 10088.500    -0.205
 10099.000     0.027
 10109.500     0.116
 10120.000     0.122
 10130.000    -0.100
 10140.500    -0.070
 10151.500     0.051
 10162.000     0.121
 10172.500     0.138
 10183.500     0.165
 10194.500    -0.038
 10205.500    -0.081
 10217.000    -0.194
 10228.500    -0.040
 10239.500     0.047
 10251.000     0.166
 10263.000    -0.030
 10274.500    -0.062
 10285.500     0.066
 10296.000     0.052
 10306.500     0.090
 10317.000     0.098
 10327.000     0.057
 10337.500    -0.040
 10348.500    -0.035
 10360.000     0.047
 10371.500     0.094
 10382.500     0.014
 10394.000    -0.209
 10405.500     0.013
 10416.500     0.086
 10428.000     0.068
 10439.500     0.122
 10450.500     0.143
 10461.000     0.082
 10470.500    -0.001
 10480.000     0.117
 10490.000     0.140
 10499.500     0.385
 10509.000     0.139
 10518.500    -0.005
 10528.000    -0.018
 10538.000    -0.022
 10548.000     0.016
 10559.000     0.173
 10570.500     0.166
 10581.500     0.081
 10592.500     0.018
 10603.500    -0.008
 10615.000     0.088
 10626.500     0.051
 10637.500     0.111
 10648.000     0.135
 10658.500    -0.087
 10669.500    -0.247
 10680.000    -0.152
 10690.500    -0.069
 10701.500     0.026
 10712.500    -0.083
 10723.500    -0.057
 10734.500    -0.034
 10746.000    -0.224
 10757.500    -0.111
 10769.000    -0.039
 10780.500     0.123
 10791.500     0.077
 10802.500    -0.082
 10813.500    -0.166
 10824.000    -0.103
 10834.500    -0.238
 10845.000    -0.116
 10855.500    -0.016
 10867.000    -0.109
 10879.000    -0.153
 10890.500    -0.255
 10901.500    -0.290
 10912.500    -0.196
 10923.500    -0.204
 10934.500    -0.370
 10945.500    -0.500
 10957.500    -0.656
 10970.000    -0.737
 10982.000    -0.809
 10993.500    -0.729
 11004.500    -0.742
 11015.500    -0.841
 11026.500    -1.044
 11037.500    -0.972
 11049.000    -0.751
 11060.500    -0.595
 11072.000    -0.397
 11083.500    -0.264
 11095.000    -0.143
 11107.000     0.043
 11119.000     0.109
 11131.000     0.133
 11143.000     0.235
 11155.000     0.156
 11166.500     0.144
 11177.500     0.195
 11188.500    -0.023
 11199.000    -0.069
 11209.500    -0.172
 11220.500    -0.424
 11232.000    -0.438
 11243.500    -0.356
 11255.000    -0.329
 11267.000    -0.235
 11279.000    -0.439
 11291.000    -0.441
 11302.500    -0.486
 11313.500    -0.558
 11324.500    -0.745
 11335.500    -0.770
 11346.500    -0.867
 11357.500    -1.057
 11369.000    -1.234
 11380.500    -1.404
 11391.500    -1.455
 11403.000    -1.581
 11414.500    -1.368
 11425.500    -1.140
 11436.000    -0.835
 11446.500    -0.731
 11456.500    -0.618
 11466.000    -0.452
 11476.000    -0.231
 11486.000    -0.005
 11495.500     0.043
 11504.500     0.172
 11514.000     0.077
 11524.000    -0.303
 11534.500    -0.374
 11545.000    -0.415
 11555.500    -0.390
 11566.500    -0.393
 11577.500    -0.545
 11588.000    -0.623
 11598.500    -0.417
 11609.500    -0.484
 11619.500    -0.592
 11629.000    -0.498
 11639.000    -0.579
 11649.000    -0.699
 11659.000    -0.823
 11668.500    -0.858
 11678.000    -0.820
 11688.000    -0.949
 11698.000    -1.058
 11708.000    -1.102
 11718.000    -0.976
 11728.000    -1.118
 11738.000    -0.989
 11748.000    -0.740
 11757.500    -0.820
 11767.000    -0.926
 11777.000    -1.019
 11787.000    -1.043
 11797.500    -1.001
 11808.500    -1.013
 11819.500    -1.048
 11831.000    -0.972
 11842.500    -1.111
 11853.500    -1.383
 11864.500    -1.360
 11875.500    -1.330
 11886.500    -1.280
 11897.500    -1.236
 11909.000    -1.371
 11920.500    -1.495
 11932.000    -1.667
 11943.500    -1.596
 11955.000    -1.741
 11967.000    -1.713
 11978.500    -1.808
 11989.500    -1.855
 12001.000    -1.869
 12012.500    -1.940
 12023.500    -2.106
 12035.000    -2.076
 12047.000    -1.950
 12059.000    -2.084
 12071.000    -2.115
 12083.500    -2.279
 12096.000    -2.419
 12108.500    -2.509
 12121.500    -2.483
 12134.500    -2.458
 12147.500    -2.465
 12160.500    -2.565
 12173.500    -2.782
 12186.000    -2.852
 12198.000    -2.714
 12210.000    -2.631
 12222.000    -2.527
 12233.500    -2.561
 12245.000    -2.665
 12257.000    -2.724
 12268.500    -2.812
 12280.000    -2.817
 12292.500    -2.809
 12305.000    -2.886
 12317.500    -3.098
 12330.500    -3.212
 12343.000    -3.255
 12355.500    -3.263
 12368.000    -3.342
 12380.000    -3.497
 12392.000    -3.498
 12404.000    -3.565
 12416.000    -3.672
 12428.000    -3.606
 12440.000    -3.535
 12451.500    -3.584
 12463.000    -3.672
 12474.500    -3.775
 12486.000    -3.871
 12498.500    -3.881
 12511.000    -3.943
 12524.000    -4.065
 12537.500    -4.112
 12550.500    -4.029
 12564.000    -4.081
 12578.000    -4.096
 12592.000    -4.126
 12606.000    -4.185
 12620.000    -4.289
 12634.000    -4.375
 12648.000    -4.298
 12661.500    -4.235
 12675.000    -4.134
 12689.000    -4.299
 12703.000    -4.417
 12717.000    -4.629
 12731.000    -4.671
 12745.000    -4.577
 12760.500    -4.411
 12777.000    -4.295
 12793.500    -4.335
 12811.000    -4.352
 12827.500    -4.473
 12842.500    -4.520
 12857.000    -4.545
 12870.500    -4.494
 12884.000    -4.562
 12898.000    -4.746
 12912.000    -4.803
 12926.500    -4.979
 12941.500    -5.002
 12956.000    -5.066
 12970.500    -5.032
 12985.000    -5.057
 12999.000    -5.043
 13013.000    -4.931
 13027.000    -4.941
 13040.500    -4.984
 13054.000    -5.037
 13068.000    -4.776
 13082.000    -4.732
 13096.000    -4.694
 13110.500    -4.689
 13125.000    -4.618
 13139.000    -4.584
 13152.500    -4.554
 13165.500    -4.460
 13178.500    -4.246
 13191.500    -4.186
 13204.500    -4.260
 13217.500    -4.215
 13230.500    -4.217
 13243.500    -4.254
 13256.500    -4.324
 13269.000    -4.324
 13281.500    -4.386
 13294.000    -4.369
 13306.500    -4.498
 13319.500    -4.555
 13332.500    -4.699
 13345.500    -4.841
 13359.000    -4.901
 13373.000    -4.889
 13387.000    -4.906
 13401.000    -4.857
 13415.000    -4.646
 13429.000    -4.554
 13443.000    -4.514
 13457.000    -4.560
 13471.000    -4.467
 13484.500    -4.528
 13497.500    -4.568
 13510.500    -4.580
 13523.000    -4.529
 13535.500    -4.768
 13549.000    -4.920
 13562.500    -5.127
 13576.000    -5.148
 13590.500    -5.181
 13605.000    -5.303
 13619.500    -5.182
 13634.500    -5.145
 13649.000    -5.162
 13663.500    -5.067
 13678.500    -4.979
 13693.000    -5.049
 13707.000    -5.051
 13721.500    -5.173
 13736.000    -5.348
 13750.500    -5.470
 13765.000    -5.552
 13779.000    -5.621
 13792.500    -5.452
 13806.000    -5.665
 13820.000    -5.603
 13833.500    -5.546
 13847.000    -5.388
 13861.000    -5.208
 13875.500    -4.949
 13890.500    -4.697
 13905.000    -4.739
 13919.000    -4.711
 13932.500    -4.794
 13946.000    -4.746
 13959.000    -4.843
 13971.500    -4.943
 13984.000    -4.906
 13996.000    -5.023
 14009.000    -4.904
 14022.500    -4.965
 14035.500    -4.787
 14049.000    -4.767
 14063.000    -4.947
 14077.000    -4.767
 14091.000    -4.529
 14104.500    -4.407
 14117.500    -4.402
 14130.500    -4.360
 14143.000    -4.307
 14155.500    -4.293
 14168.000    -4.150
 14180.500    -4.009
 14193.500    -3.851
 14206.500    -3.971
 14219.000    -4.021
 14231.500    -4.060
 14243.000    -4.263
 14253.500    -4.143
 14264.500    -4.419
 14275.500    -4.384
 14286.500    -4.581
 14297.500    -4.622
 14308.500    -4.731
 14320.000    -4.836
 14331.500    -4.976
 14342.500    -4.909
 14354.000    -4.875
 14366.000    -4.913
 14378.000    -4.727
 14390.500    -4.654
 14403.500    -4.582
 14416.500    -4.616
 14428.500    -4.355
 14440.000    -4.329
 14451.500    -4.203
 14462.500    -4.221
 14474.000    -4.114
 14486.000    -4.108
 14498.000    -4.142
 14510.000    -4.319
 14522.000    -4.451
 14533.500    -4.404
 14545.000    -4.633
 14557.000    -4.551
 14569.000    -4.698
 14581.000    -4.638
 14593.500    -4.580
 14606.000    -4.635
 14619.000    -4.775
 14632.500    -4.616
 14645.500    -4.438
 14659.000    -4.520
 14672.500    -4.654
 14685.500    -4.698
 14698.000    -4.581
 14710.000    -4.642
 14721.500    -4.779
 14732.000    -4.790
 14743.000    -4.777
 14755.000    -4.850
 14767.000    -5.048
 14779.000    -5.097
 14791.000    -4.960
 14803.000    -4.892
 14815.000    -4.837
 14827.000    -4.781
 14839.500    -4.745
 14852.000    -4.779
 14864.000    -4.748
 14876.000    -4.793
 14888.500    -4.748
 14901.500    -4.739
 14914.500    -4.815
 14927.500    -4.997
 14940.000    -5.191
 14951.500    -5.383
 14963.000    -5.424
 14974.500    -5.460
 14987.000    -5.422
 15000.500    -5.503
 15013.500    -5.621
 15026.500    -5.665
 15039.500    -5.594
 15052.500    -5.425
 15065.000    -5.455
 15077.500    -5.385
 15090.000    -5.442
 15102.500    -5.415
 15115.500    -5.502
 15128.000    -5.398
 15140.500    -5.364
 15153.500    -5.145
 15166.500    -5.161
 15179.500    -5.136
 15192.500    -5.114
 15219.000    -5.140
 15233.000    -5.271
 15260.000    -5.369
 15274.000    -5.405
 15287.500    -5.407
 15301.000    -5.238
 15314.500    -5.324
 15328.000    -5.375
 15341.500    -5.498
 15355.000    -5.482
 15368.500    -5.508
 15382.000    -5.437
 15395.500    -5.418
 15408.000    -5.335
 15420.500    -5.516
 15433.500    -5.572
 15446.000    -5.606
 15458.500    -5.565
 15472.000    -5.632
 15485.500    -5.639
 15498.500    -5.622
 15511.500    -5.569
 15524.500    -5.472
 15537.500    -5.450
 15551.000    -5.420
 15578.000    -5.448
 15591.500    -5.448
 15604.500    -5.622
 15617.500    -5.541
 15630.000    -5.444
 15642.500    -5.412
 15668.500    -5.408
 15681.500    -5.522
 15694.500    -5.522
 15707.500    -5.342
 15720.500    -5.428
 15733.500    -5.337
 15747.000    -5.160
 15760.500    -5.331
 15774.000    -5.550
 15787.500    -5.777
 15801.000    -6.007
 15815.000    -6.000
 15828.500    -6.096
 15842.000    -6.275
 15855.500    -6.351
 15869.000    -6.629
 15897.000    -6.817
 15911.000    -6.735
 15925.000    -6.705
 15939.000    -6.636
 15953.500    -6.655
 15968.500    -6.796
 15983.500    -6.906
 15999.000    -7.090
 16014.500    -7.167
 16029.500    -7.192
 16044.500    -7.106
 16059.000    -7.129
 16073.500    -7.149
 16088.000    -7.214
 16102.000    -7.188
 16116.000    -7.075
 16130.000    -7.241
 16144.000    -7.097
 16158.000    -7.173
 16172.500    -7.220
 16187.500    -7.163
 16202.500    -6.960
 16217.500    -6.924
 16233.000    -6.869
 16248.500    -6.820
 16263.500    -6.991
 16278.500    -7.062
 16293.500    -7.029
 16308.000    -6.981
 16323.000    -7.110
 16338.500    -7.329
 16354.000    -7.673
 16369.500    -7.710
 16384.500    -7.787
 16400.000    -7.865
 16415.500    -7.943
 16431.000    -7.753
 16447.500    -7.765
 16464.000    -7.779
 16480.000    -7.764
 16496.500    -7.662
 16529.000    -7.651
 16544.500    -7.877
 16560.000    -7.920
 16575.500    -7.801
 16590.500    -7.803
 16606.000    -8.033
 16621.500    -8.273
 16637.000    -8.277
 16653.000    -8.252
 16669.000    -8.444
 16685.500    -8.571
 16702.000    -8.501
 16718.000    -8.553
 16734.500    -8.704
 16751.000    -8.698
 16768.000    -8.626
 16785.500    -8.553
 16803.000    -8.544
 16821.500    -8.488
 16840.500    -8.367
 16859.500    -8.352
 16878.000    -8.354
 16896.000    -8.259
 16913.500    -8.298
 16930.500    -8.152
 16948.000    -8.225
 16965.500    -8.216
 16982.500    -8.334
 16999.500    -8.444
 17016.500    -8.525
 17033.500    -8.514
 17051.000    -8.512
 17068.500    -8.658
 17085.500    -8.671
 17102.500    -8.797
 17120.000    -8.665
 17157.000    -8.797
 17175.000    -8.694
 17193.000    -8.558
 17211.000    -8.542
 17229.000    -8.547
 17247.000    -8.691
 17265.000    -8.723
 17283.500    -8.875
 17302.000    -9.017
 17320.500    -9.252
 17339.500    -9.188
 17358.500    -9.459
 17378.500    -9.637
 17399.000    -9.814
 17419.000    -9.877
 17439.500    -9.837
 17460.000    -9.846
 17480.000    -9.809
 17500.500    -9.747
 17521.500    -9.805
 17541.500    -9.923
 17560.500    -9.799
 17579.500    -9.846
 17598.500    -9.780
 17618.000    -9.755
 17638.000    -9.716
 17658.000    -9.794
 17678.500    -9.824
 17699.000    -9.823
 17719.000    -9.685
 17739.000    -9.693
 17759.000    -9.811
 17779.500    -9.875
 17800.000    -9.967
 17821.000   -10.020
 17842.500   -10.137
 17864.000   -10.118
 17885.500   -10.043
 17906.500   -10.136
 17927.500   -10.098
 17968.500    -9.950
 17989.500    -9.814
 18010.000    -9.675
 18030.500    -9.448
 18051.000    -9.316
 18072.000    -9.278
 18093.500    -9.166
 18114.500    -9.239
 18136.000    -9.090
 18157.500    -9.034
 18179.000    -9.120
 18201.000    -9.120
 18222.500    -9.116
 18244.000    -9.344
 18266.000    -9.447
 18288.500    -9.516
 18311.000    -9.638
 18334.000    -9.783
 18357.500    -9.885
 18379.500   -10.024
 18400.500   -10.052
 18422.000   -10.266
 18444.000   -10.396
 18465.500   -10.459
 18487.000   -10.520
 18509.500   -10.500
 18532.500   -10.438
 18555.500   -10.309
 18578.000   -10.379
 18600.500   -10.349
 18623.500   -10.226
 18646.500   -10.170
 18669.500   -10.244
 18692.000   -10.117
 18714.500   -10.148
 18737.500   -10.267
 18760.500   -10.260
 18783.500   -10.235
 18806.500   -10.082
 18829.500    -9.857
 18853.000   -10.041
 18876.500   -10.001
 18899.000    -9.901
 18921.500    -9.851
 18944.000    -9.788
 18967.500    -9.629
 18992.000    -9.606
 19016.000    -9.590
 19039.500    -9.581
 19062.500    -9.824
 19085.000    -9.783
 19107.500    -9.730
 19130.500    -9.562
 19153.000    -9.617
 19175.500    -9.753
 19197.000    -9.588
 19217.000    -9.575
 19238.500    -9.407
 19261.500    -9.586
 19284.000    -9.593
 19306.500    -9.584
 19329.500    -9.538
 19352.500    -9.659
 19375.500    -9.691
 19398.500    -9.594
 19421.500    -9.991
 19444.500   -10.000
 19467.500   -10.114
 19491.000   -10.020
 19515.000    -9.855
 19539.000    -9.803
 19562.500    -9.915
 19585.500    -9.862
 19609.500    -9.767
 19634.000    -9.925
 19658.000    -9.814
 19682.000    -9.870
 19705.000    -9.931
 19727.500    -9.948
 19750.000   -10.022
 19772.000   -10.150
 19794.000    -9.964
 19816.000   -10.057
 19839.500   -10.062
 19864.000    -9.983
 19889.000    -9.822
 19915.000    -9.961
 19940.000    -9.959
 19964.000    -9.957
 19987.000    -9.957
 20013.000    -9.957
 20036.000    -9.957
 20060.000    -9.959
 20085.000    -9.961
 20111.000    -9.822
 20136.000    -9.983
 20160.500   -10.062
 20184.000   -10.057
 20206.000    -9.964
 20228.000   -10.150
 20250.000   -10.022
 20272.500    -9.948
 20295.000    -9.931
 20318.000    -9.870
 20342.000    -9.814
 20366.000    -9.925
 20390.500    -9.767
 20414.500    -9.862
 20437.500    -9.915
 20461.000    -9.803
 20485.000    -9.855
 20509.000   -10.020
 20532.500   -10.114
 20555.500   -10.000
 20578.500    -9.991
 20601.500    -9.594
 20624.500    -9.691
 20647.500    -9.659
 20670.500    -9.538
 20693.500    -9.584
 20716.000    -9.593
 20738.500    -9.586
 20761.500    -9.407
 20783.000    -9.575
 20803.000    -9.588
 20824.500    -9.753
 20847.000    -9.617
 20869.500    -9.562
 20892.500    -9.730
 20915.000    -9.783
 20937.500    -9.824
 20960.500    -9.581
 20984.000    -9.590
 21008.000    -9.606
 21032.500    -9.629
 21056.000    -9.788
 21078.500    -9.851
 21101.000    -9.901
 21123.500   -10.001
 21147.000   -10.041
 21170.500    -9.857
 21193.500   -10.082
 21216.500   -10.235
 21239.500   -10.260
 21262.500   -10.267
 21285.500   -10.148
 21308.000   -10.117
 21330.500   -10.244
 21353.500   -10.170
 21376.500   -10.226
 21399.500   -10.349
 21422.000   -10.379
 21444.500   -10.309
 21467.500   -10.438
 21490.500   -10.500
 21513.000   -10.520
 21534.500   -10.459
 21556.000   -10.396
 21578.000   -10.266
 21599.500   -10.052
 21620.500   -10.024
 21642.500    -9.885
 21666.000    -9.783
 21689.000    -9.638
 21711.500    -9.516
 21734.000    -9.447
 21756.000    -9.344
 21777.500    -9.116
 21799.000    -9.120
 21821.000    -9.120
 21842.500    -9.034
 21864.000    -9.090
 21885.500    -9.239
 21906.500    -9.166
 21928.000    -9.278
 21949.000    -9.316
 21969.500    -9.448
 21990.000    -9.675
 22010.500    -9.814
 22031.500    -9.950
 22072.500   -10.098
 22093.500   -10.136
 22114.500   -10.043
 22136.000   -10.118
 22157.500   -10.137
 22179.000   -10.020
 22200.000    -9.967
 22220.500    -9.875
 22241.000    -9.811
 22261.000    -9.693
 22281.000    -9.685
 22301.000    -9.823
 22321.500    -9.824
 22342.000    -9.794
 22362.000    -9.716
 22382.000    -9.755
 22401.500    -9.780
 22420.500    -9.846
 22439.500    -9.799
 22458.500    -9.923
 22478.500    -9.805
 22499.500    -9.747
 22520.000    -9.809
 22540.000    -9.846
 22560.500    -9.837
 22581.000    -9.877
 22601.000    -9.814
 22621.500    -9.637
 22641.500    -9.459
 22660.500    -9.188
 22679.500    -9.252
 22698.000    -9.017
 22716.500    -8.875
 22735.000    -8.723
 22753.000    -8.691
 22771.000    -8.547
 22789.000    -8.542
 22807.000    -8.558
 22825.000    -8.694
 22843.000    -8.797
 22880.000    -8.665
 22897.500    -8.797
 22914.500    -8.671
 22931.500    -8.658
 22949.000    -8.512
 22966.500    -8.514
 22983.500    -8.525
 23000.500    -8.444
 23017.500    -8.334
 23034.500    -8.216
 23052.000    -8.225
 23069.500    -8.152
 23086.500    -8.298
 23104.000    -8.259
 23122.000    -8.354
 23140.500    -8.352
 23159.500    -8.367
 23178.500    -8.488
 23197.000    -8.544
 23214.500    -8.553
 23232.000    -8.626
 23249.000    -8.698
 23265.500    -8.704
 23282.000    -8.553
 23298.000    -8.501
 23314.500    -8.571
 23331.000    -8.444
 23347.000    -8.252
 23363.000    -8.277
 23378.500    -8.273
 23394.000    -8.033
 23409.500    -7.803
 23424.500    -7.801
 23440.000    -7.920
 23455.500    -7.877
 23471.000    -7.651
 23503.500    -7.662
 23520.000    -7.764
 23536.000    -7.779
 23552.500    -7.765
 23569.000    -7.753
 23584.500    -7.943
 23600.000    -7.865
 23615.500    -7.787
 23630.500    -7.710
 23646.000    -7.673
 23661.500    -7.329
 23677.000    -7.110
 23692.000    -6.981
 23706.500    -7.029
 23721.500    -7.062
 23736.500    -6.991
 23751.500    -6.820
 23767.000    -6.869
 23782.500    -6.924
 23797.500    -6.960
 23812.500    -7.163
 23827.500    -7.220
 23842.000    -7.173
 23856.000    -7.097
 23870.000    -7.241
 23884.000    -7.075
 23898.000    -7.188
 23912.000    -7.214
 23926.500    -7.149
 23941.000    -7.129
 23955.500    -7.106
 23970.500    -7.192
 23985.500    -7.167
 24001.000    -7.090
 24016.500    -6.906
 24031.500    -6.796
 24046.500    -6.655
 24061.000    -6.636
 24075.000    -6.705
 24089.000    -6.735
 24103.000    -6.817
 24131.000    -6.629
 24144.500    -6.351
 24158.000    -6.275
 24171.500    -6.096
 24185.000    -6.000
 24199.000    -6.007
 24212.500    -5.777
 24226.000    -5.550
 24239.500    -5.331
 24253.000    -5.160
 24266.500    -5.337
 24279.500    -5.428
 24292.500    -5.342
 24305.500    -5.522
 24318.500    -5.522
 24331.500    -5.408
 24357.500    -5.412
 24370.000    -5.444
 24382.500    -5.541
 24395.500    -5.622
 24408.500    -5.448
 24422.000    -5.448
 24449.000    -5.420
 24462.500    -5.450
 24475.500    -5.472
 24488.500    -5.569
 24501.500    -5.622
 24514.500    -5.639
 24528.000    -5.632
 24541.500    -5.565
 24554.000    -5.606
 24566.500    -5.572
 24579.500    -5.516
 24592.000    -5.335
 24604.500    -5.418
 24618.000    -5.437
 24631.500    -5.508
 24645.000    -5.482
 24658.500    -5.498
 24672.000    -5.375
 24685.500    -5.324
 24699.000    -5.238
 24712.500    -5.407
 24726.000    -5.405
 24740.000    -5.369
 24767.000    -5.271
 24781.000    -5.140
 24807.500    -5.114
 24820.500    -5.136
 24833.500    -5.161
 24846.500    -5.145
 24859.500    -5.364
 24872.000    -5.398
 24884.500    -5.502
 24897.500    -5.415
 24910.000    -5.442
 24922.500    -5.385
 24935.000    -5.455
 24947.500    -5.425
 24960.500    -5.594
 24973.500    -5.665
 24986.500    -5.621
 24999.500    -5.503
 25013.000    -5.422
 25025.500    -5.460
 25037.000    -5.424
 25048.500    -5.383
 25060.000    -5.191
 25072.500    -4.997
 25085.500    -4.815
 25098.500    -4.739
 25111.500    -4.748
 25124.000    -4.793
 25136.000    -4.748
 25148.000    -4.779
 25160.500    -4.745
 25173.000    -4.781
 25185.000    -4.837
 25197.000    -4.892
 25209.000    -4.960
 25221.000    -5.097
 25233.000    -5.048
 25245.000    -4.850
 25257.000    -4.777
 25268.000    -4.790
 25278.500    -4.779
 25290.000    -4.642
 25302.000    -4.581
 25314.500    -4.698
 25327.500    -4.654
 25341.000    -4.520
 25354.500    -4.438
 25367.500    -4.616
 25381.000    -4.775
 25394.000    -4.635
 25406.500    -4.580
 25419.000    -4.638
 25431.000    -4.698
 25443.000    -4.551
 25455.000    -4.633
 25466.500    -4.404
 25478.000    -4.451
 25490.000    -4.319
 25502.000    -4.142
 25514.000    -4.108
 25526.000    -4.114
 25537.500    -4.221
 25548.500    -4.203
 25560.000    -4.329
 25571.500    -4.355
 25583.500    -4.616
 25596.500    -4.582
 25609.500    -4.654
 25622.000    -4.727
 25634.000    -4.913
 25646.000    -4.875
 25657.500    -4.909
 25668.500    -4.976
 25680.000    -4.836
 25691.500    -4.731
 25702.500    -4.622
 25713.500    -4.581
 25724.500    -4.384
 25735.500    -4.419
 25746.500    -4.143
 25757.000    -4.263
 25768.500    -4.060
 25781.000    -4.021
 25793.500    -3.971
 25806.500    -3.851
 25819.500    -4.009
 25832.000    -4.150
 25844.500    -4.293
 25857.000    -4.307
 25869.500    -4.360
 25882.500    -4.402
 25895.500    -4.407
 25909.000    -4.529
 25923.000    -4.767
 25937.000    -4.947
 25951.000    -4.767
 25964.500    -4.787
 25977.500    -4.965
 25991.000    -4.904
 26004.000    -5.023
 26016.000    -4.906
 26028.500    -4.943
 26041.000    -4.843
 26054.000    -4.746
 26067.500    -4.794
 26081.000    -4.711
 26095.000    -4.739
 26109.500    -4.697
 26124.500    -4.949
 26139.000    -5.208
 26153.000    -5.388
 26166.500    -5.546
 26180.000    -5.603
 26194.000    -5.665
 26207.500    -5.452
 26221.000    -5.621
 26235.000    -5.552
 26249.500    -5.470
 26264.000    -5.348
 26278.500    -5.173
 26293.000    -5.051
 26307.000    -5.049
 26321.500    -4.979
 26336.500    -5.067
 26351.000    -5.162
 26365.500    -5.145
 26380.500    -5.182
 26395.000    -5.303
 26409.500    -5.181
 26424.000    -5.148
 26437.500    -5.127
 26451.000    -4.920
 26464.500    -4.768
 26477.000    -4.529
 26489.500    -4.580
 26502.500    -4.568
 26515.500    -4.528
 26529.000    -4.467
 26543.000    -4.560
 26557.000    -4.514
 26571.000    -4.554
 26585.000    -4.646
 26599.000    -4.857
 26613.000    -4.906
 26627.000    -4.889
 26641.000    -4.901
 26654.500    -4.841
 26667.500    -4.699
 26680.500    -4.555
 26693.500    -4.498
 26706.000    -4.369
 26718.500    -4.386
 26731.000    -4.324
 26743.500    -4.324
 26756.500    -4.254
 26769.500    -4.217
 26782.500    -4.215
 26795.500    -4.260
 26808.500    -4.186
 26821.500    -4.246
 26834.500    -4.460
 26847.500    -4.554
 26861.000    -4.584
 26875.000    -4.618
 26889.500    -4.689
 26904.000    -4.694
 26918.000    -4.732
 26932.000    -4.776
 26946.000    -5.037
 26959.500    -4.984
 26973.000    -4.941
 26987.000    -4.931
 27001.000    -5.043
 27015.000    -5.057
 27029.500    -5.032
 27044.000    -5.066
 27058.500    -5.002
 27073.500    -4.979
 27088.000    -4.803
 27102.000    -4.746
 27116.000    -4.562
 27129.500    -4.494
 27143.000    -4.545
 27157.500    -4.520
 27172.500    -4.473
 27189.000    -4.352
 27206.500    -4.335
 27223.000    -4.295
 27239.500    -4.411
 27255.000    -4.577
 27269.000    -4.671
 27283.000    -4.629
 27297.000    -4.417
 27311.000    -4.299
 27325.000    -4.134
 27338.500    -4.235
 27352.000    -4.298
 27366.000    -4.375
 27380.000    -4.289
 27394.000    -4.185
 27408.000    -4.126
 27422.000    -4.096
 27436.000    -4.081
 27449.500    -4.029
 27462.500    -4.112
 27476.000    -4.065
 27489.000    -3.943
 27501.500    -3.881
 27514.000    -3.871
 27525.500    -3.775
 27537.000    -3.672
 27548.500    -3.584
 27560.000    -3.535
 27572.000    -3.606
 27584.000    -3.672
 27596.000    -3.565
 27608.000    -3.498
 27620.000    -3.497
 27632.000    -3.342
 27644.500    -3.263
 27657.000    -3.255
 27669.500    -3.212
 27682.500    -3.098
 27695.000    -2.886
 27707.500    -2.809
 27720.000    -2.817
 27731.500    -2.812
 27743.000    -2.724
 27755.000    -2.665
 27766.500    -2.561
 27778.000    -2.527
 27790.000    -2.631
 27802.000    -2.714
 27814.000    -2.852
 27826.500    -2.782
 27839.500    -2.565
 27852.500    -2.465
 27865.500    -2.458
 27878.500    -2.483
 27891.500    -2.509
 27904.000    -2.419
 27916.500    -2.279
 27929.000    -2.115
 27941.000    -2.084
 27953.000    -1.950
 27965.000    -2.076
 27976.500    -2.106
 27987.500    -1.940
 27999.000    -1.869
 28010.500    -1.855
 28021.500    -1.808
 28033.000    -1.713
 28045.000    -1.741
 28056.500    -1.596
 28068.000    -1.667
 28079.500    -1.495
 28091.000    -1.371
 28102.500    -1.236
 28113.500    -1.280
 28124.500    -1.330
 28135.500    -1.360
 28146.500    -1.383
 28157.500    -1.111
 28169.000    -0.972
 28180.500    -1.048
 28191.500    -1.013
 28202.500    -1.001
 28213.000    -1.043
 28223.000    -1.019
 28233.000    -0.926
 28242.500    -0.820
 28252.000    -0.740
 28262.000    -0.989
 28272.000    -1.118
 28282.000    -0.976
 28292.000    -1.102
 28302.000    -1.058
 28312.000    -0.949
 28322.000    -0.820
 28331.500    -0.858
 28341.000    -0.823
 28351.000    -0.699
 28361.000    -0.579
 28371.000    -0.498
 28380.500    -0.592
 28390.500    -0.484
 28401.500    -0.417
 28412.000    -0.623
 28422.500    -0.545
 28433.500    -0.393
 28444.500    -0.390
 28455.000    -0.415
 28465.500    -0.374
 28476.000    -0.303
 28486.000     0.077
 28495.500     0.172
 28504.500     0.043
 28514.000    -0.005
 28524.000    -0.231
 28534.000    -0.452
 28543.500    -0.618
 28553.500    -0.731
 28564.000    -0.835
 28574.500    -1.140
 28585.500    -1.368
 28597.000    -1.581
 28608.500    -1.455
 28619.500    -1.404
 28631.000    -1.234
 28642.500    -1.057
 28653.500    -0.867
 28664.500    -0.770
 28675.500    -0.745
 28686.500    -0.558
 28697.500    -0.486
 28709.000    -0.441
 28721.000    -0.439
 28733.000    -0.235
 28745.000    -0.329
 28756.500    -0.356
 28768.000    -0.438
 28779.500    -0.424
 28790.500    -0.172
 28801.000    -0.069
 28811.500    -0.023
 28822.500     0.195
 28833.500     0.144
 28845.000     0.156
 28857.000     0.235
 28869.000     0.133
 28881.000     0.109
 28893.000     0.043
 28905.000    -0.143
 28916.500    -0.264
 28928.000    -0.397
 28939.500    -0.595
 28951.000    -0.751
 28962.500    -0.972
 28973.500    -1.044
 28984.500    -0.841
 28995.500    -0.742
 29006.500    -0.729
 29018.000    -0.809
 29030.000    -0.737
 29042.500    -0.656
 29054.500    -0.500
 29065.500    -0.370
 29076.500    -0.204
 29087.500    -0.196
 29098.500    -0.290
 29109.500    -0.255
 29121.000    -0.153
 29133.000    -0.109
 29144.500    -0.016
 29155.000    -0.116
 29165.500    -0.238
 29176.000    -0.103
 29186.500    -0.166
 29197.500    -0.082
 29208.500     0.077
 29219.500     0.123
 29231.000    -0.039
 29242.500    -0.111
 29254.000    -0.224
 29265.500    -0.034
 29276.500    -0.057
 29287.500    -0.083
 29298.500     0.026
 29309.500    -0.069
 29320.000    -0.152
 29330.500    -0.247
 29341.500    -0.087
 29352.000     0.135
 29362.500     0.111
 29373.500     0.051
 29385.000     0.088
 29396.500    -0.008
 29407.500     0.018
 29418.500     0.081
 29429.500     0.166
 29441.000     0.173
 29452.000     0.016
 29462.000    -0.022
 29472.000    -0.018
 29481.500    -0.005
 29491.000     0.139
 29500.500     0.385
 29510.000     0.140
 29520.000     0.117
 29529.500    -0.001
 29539.000     0.082
 29549.500     0.143
 29560.500     0.122
 29572.000     0.068
 29583.500     0.086
 29594.500     0.013
 29606.000    -0.209
 29617.500     0.014
 29628.500     0.094
 29640.000     0.047
 29651.500    -0.035
 29662.500    -0.040
 29673.000     0.057
 29683.000     0.098
 29693.500     0.090
 29704.000     0.052
 29714.500     0.066
 29725.500    -0.062
 29737.000    -0.030
 29749.000     0.166
 29760.500     0.047
 29771.500    -0.040
 29783.000    -0.194
 29794.500    -0.081
 29805.500    -0.038
 29816.500     0.165
 29827.500     0.138
 29838.000     0.121
 29848.500     0.051
 29859.500    -0.070
 29870.000    -0.100
 29880.000     0.122
 29890.500     0.116
 29901.000     0.027
 29911.500    -0.205
 29922.500    -0.424
 29933.500    -0.498
 29944.500    -0.499
 29955.000    -0.452
 29965.000    -0.487
 29975.000    -0.337
 29985.500    -0.534
 29996.000    -0.489
 30006.500    -0.417
 30017.000    -0.203
 30028.000    -0.207
 30039.500    -0.094
 30050.500     0.057
 30062.000     0.006
 30073.500    -0.038
 30085.000    -0.040
 30096.500     0.101
 30107.000     0.130
 30118.000     0.134
 30129.500    -0.065
 30141.000    -0.196
 30152.500    -0.117
 30164.000    -0.213
 30175.500    -0.203
 30187.000    -0.152
 30198.500    -0.213
 30209.500    -0.224
 30220.000    -0.172
 30229.500    -0.147
 30239.000    -0.248
 30248.500    -0.183
 30258.000    -0.242
 30268.000    -0.269
 30278.000    -0.315
 30288.500    -0.298
 30299.000    -0.294
 30309.000    -0.259
 30319.000    -0.372
 30329.500    -0.270
 30340.000     0.014
 30350.500     0.062
 30361.500    -0.060
 30372.500     0.026
 30383.500     0.101
 30394.500     0.202
 30405.500     0.220
 30416.500     0.144
 30427.000     0.064
 30460.500    -0.256
 30471.500    -0.209
 30483.000    -0.148
 30495.000    -0.116
 30506.500    -0.194
 30518.000    -0.242
 30529.500    -0.378
 30540.500    -0.434
 30551.000    -0.487
 30561.000    -0.519
 30571.500    -0.407
 30582.000    -0.473
 30592.000    -0.692
 30602.500    -0.719
 30613.000    -0.750
 30623.500    -0.770
 30634.500    -0.819
 30645.500    -0.711
 30656.500    -0.796
 30668.000    -0.745
 30680.500    -0.854
 30693.000    -0.956
 30705.000    -0.702
 30717.000    -0.558
 30751.500    -0.530
 30762.500    -0.451
 30773.000    -0.252
 30783.000    -0.350
 30793.000    -0.255
 30803.000    -0.344
 30813.500    -0.163
 30824.000    -0.109
 30834.500    -0.217
 30845.500    -0.482
 30856.500    -0.438
 30867.500    -0.133
 30878.500    -0.238
 30889.500    -0.259
 30900.500    -0.294
 30911.000    -0.257
 30921.000    -0.428
 30931.000    -0.576
 30941.500    -0.638
 30952.000    -0.325
 30962.500    -0.382
 30973.500    -0.723
 30984.000    -0.728
 30994.500    -0.712
 31005.000    -0.742
 31015.500    -0.738
 31026.000    -0.636
 31036.500    -0.542
 31047.000    -0.585
 31057.000    -0.757
 31067.500    -0.738
 31078.500    -0.766
 31089.000    -0.621
 31099.500    -0.562
 31110.000    -0.625
 31120.500    -0.689
 31131.000    -0.874
 31141.500    -0.850
 31152.000    -0.750
 31162.500    -0.618
 31174.000    -0.425
 31185.500    -0.610
 31197.000    -0.784
 31208.500    -0.859
 31219.500    -0.792
 31230.000    -0.607
 31240.500    -0.420
 31251.000    -0.465
 31261.500    -0.403
 31272.500    -0.536
 31283.500    -0.751
 31294.500    -0.618
 31305.500    -0.605
 31316.500    -0.647
 31327.000    -0.819
 31337.500    -1.066
 31348.000    -1.100
 31358.000    -1.067
 31368.500    -1.182
 31379.000    -1.137
 31389.000    -1.184
 31399.000    -1.248
 31409.000    -1.243
 31419.000    -1.322
 31429.000    -1.005
 31439.000    -0.837
 31449.500    -0.897
 31460.000    -0.855
 31470.000    -0.793
 31480.500    -0.927
 31491.000    -0.758
 31501.000    -0.816
 31511.000    -0.822
 31521.000    -0.660
 31531.000    -0.701
 31541.000    -0.664
 31551.000    -0.611
 31561.000    -0.684
 31571.500    -0.797
 31582.000    -0.718
 31592.500    -0.916
 31603.500    -0.857
 31614.000    -1.054
 31624.500    -1.152
 31635.500    -1.271
 31646.000    -1.275
 31656.500    -1.373
 31667.000    -1.227
 31677.500    -1.031
 31688.000    -0.902
 31698.000    -0.806
 31708.000    -0.881
 31718.500    -0.638
 31729.000    -0.524
 31739.000    -0.624
 31749.000    -0.754
 31759.000    -0.659
 31769.500    -0.832
 31780.000    -1.050
 31790.500    -1.066
 31801.500    -1.015
 31812.500    -0.820
 31823.500    -0.871
 31834.500    -0.988
 31845.500    -0.900
 31856.500    -0.731
 31867.000    -0.716
 31877.000    -0.746
 31886.500    -0.676
 31896.000    -0.715
 31906.500    -0.783
 31917.000    -0.900
 31927.500    -1.026
 31938.500    -0.967
 31949.500    -0.950
 31960.000    -0.978
 31970.500    -1.197
 31981.000    -1.143
 31991.500    -1.083
 32002.000    -1.260
 32012.500    -1.152
 32023.000    -0.962
 32033.000    -0.935
 32043.500    -0.896
 32054.000    -0.842
 32064.000    -0.866
 32074.000    -0.667
 32084.000    -0.667
 32094.500    -0.634
 32105.000    -0.541
 32115.000    -0.669
 32125.000    -0.634
 32135.000    -0.621
 32145.500    -0.660
 32156.000    -0.526
 32166.500    -0.536
 32177.500    -0.489
 32188.000    -0.441
 32198.000    -0.541
 32208.000    -0.494
 32217.500    -0.242
 32227.000    -0.244
 32237.000    -0.211
 32247.000    -0.231
 32257.000    -0.381
 32267.000    -0.429
 32276.500    -0.538
 32286.000    -0.650
 32295.500    -0.612
 32305.000    -0.659
 32314.500    -0.715
 32324.000    -0.818
 32334.500    -0.763
 32345.000    -0.722
 32355.000    -0.663
 32365.500    -0.521
 32375.500    -0.359
 32384.500    -0.231
 32394.000    -0.168
 32403.500     0.006
 32413.000    -0.165
 32422.500    -0.172
 32431.500    -0.137
 32441.000    -0.238
 32450.500    -0.242
 32459.500    -0.291
 32469.000    -0.328
 32479.000    -0.200
 32489.000    -0.404
 32499.000    -0.494
 32519.000    -0.447
 32529.000    -0.395
 32539.000    -0.529
 32549.500    -0.360
 32560.000    -0.558
 32570.500    -0.598
 32581.500    -0.646
 32592.500    -0.564
 32603.000    -0.309
 32613.500    -0.237
 32624.000    -0.316
 32634.500    -0.337
 32645.500    -0.260
 32655.500    -0.213
 32665.000     0.055
 32674.500     0.142
 32683.500     0.047
 32693.000    -0.135
 32702.500    -0.161
 32712.000    -0.247
 32722.500    -0.252
 32733.000    -0.217
 32743.500    -0.214
 32754.000    -0.312
 32764.500    -0.330
 32775.000    -0.355
 32785.500    -0.123
 32796.500    -0.143
 32807.500    -0.234
 32818.500    -0.346
 32830.000    -0.260
 32841.000    -0.280
 32851.500    -0.319
 32862.000    -0.342
 32872.000    -0.380
 32882.000    -0.260
 32892.500    -0.409
 32902.500    -0.335
 32912.000    -0.264
 32922.000    -0.228
 32932.000    -0.216
 32942.500    -0.117
 32953.000    -0.005
 32963.000     0.160
 32973.000     0.304
 32983.000     0.177
 32993.000    -0.003
 33003.000    -0.059
 33012.500    -0.027
 33022.000     0.112
 33032.000     0.075
 33042.000    -0.052
 33051.500    -0.003
 33061.000    -0.181
 33071.000    -0.265
 33080.500    -0.144
 33090.000     0.133
 33099.500     0.086
 33108.000     0.064
 33116.500     0.014
 33125.500     0.030
 33135.000     0.144
 33144.500     0.070
 33154.000     0.189
 33163.500     0.274
 33173.000     0.096
 33183.000     0.182
 33193.000     0.165
 33203.500     0.155
 33214.000     0.094
 33224.500     0.095
 33234.500    -0.130
 33244.000    -0.099
 33254.000    -0.073
 33264.000    -0.079
 33273.500     0.086
 33283.000    -0.030
 33293.000     0.068
 33303.000     0.116
 33312.500     0.441
 33322.000     0.523
 33332.000     0.768
 33342.500     0.731
 33353.000     0.709
 33363.000     0.472
 33373.500     0.329
 33384.000     0.377
 33394.500     0.341
 33405.500     0.368
 33416.000     0.186
 33426.000     0.053
 33436.000     0.013
 33445.500     0.081
 33455.000     0.094
 33464.500     0.164
 33474.500     0.442
 33485.000     0.385
 33495.500     0.462
 33506.000     0.422
 33515.500     0.456
 33525.000     0.637
 33534.500     0.656
 33543.500     0.485
 33552.500     0.260
 33561.500     0.322
 33571.000     0.065
 33581.000     0.070
 33591.000    -0.164
 33601.000    -0.172
 33611.000    -0.224
 33621.000    -0.402
 33631.500    -0.598
 33642.000    -0.386
 33652.000    -0.192
 33662.000    -0.272
 33672.000    -0.302
 33681.500    -0.280
 33691.000    -0.199
 33701.000    -0.126
 33711.500    -0.109
 33722.000     0.000
 33732.000     0.130
 33741.500    -0.190
 33751.000    -0.186
 33761.000    -0.196
 33770.500     0.051
 33780.000     0.042
 33789.500     0.138
 33798.500    -0.017
 33808.000    -0.031
 33817.500    -0.048
 33826.500    -0.040
 33835.500     0.095
 33845.000     0.190
 33854.500     0.497
 33863.500     0.381
 33873.000     0.399
 33882.500     0.424
 33901.000     0.642
 33910.500     0.836
 33919.500     0.814
 33929.000     0.628
 33938.500     0.599
 33947.500     0.549
 33956.500     0.328
 33965.500     0.413
 33974.500     0.325
 33983.500     0.226
 33992.500     0.238
 34001.500     0.016
 34011.000     0.217
 34021.000     0.467
 34031.000     0.506
 34040.500     0.426
 34050.000     0.364
 34059.500     0.239
 34069.000     0.280
 34078.500     0.339
 34087.500     0.122
 34096.500     0.185
 34105.500     0.008
 34114.000    -0.109
 34122.500    -0.155
 34131.000    -0.061
 34139.000    -0.013
 34147.500    -0.033
 34156.500     0.071
 34165.000     0.333
 34173.500     0.481
 34182.500     0.494
 34191.000     0.460
 34199.000     0.511
 34207.500     0.776
 34216.000     0.929
 34224.000     0.979
 34232.500     1.061
 34241.000     0.978
 34249.500     0.750
 34258.500     0.686
 34267.500     0.589
 34276.500     0.486
 34285.000     0.473
 34293.500     0.159
 34302.500    -0.078
 34311.500    -0.049
 34320.500    -0.118
 34329.500    -0.030
 34338.500    -0.027
 34347.500    -0.131
 34356.500    -0.039
 34365.500     0.064
 34374.500     0.095
 34383.000     0.175
 34391.500     0.169
 34400.000     0.166
 34408.500     0.205
 34417.000    -0.055
 34425.000    -0.131
 34433.500    -0.029
 34442.500    -0.062
 34452.000    -0.165
 34462.000    -0.029
 34472.000     0.083
 34482.000     0.178
 34491.500     0.085
 34500.500     0.096
 34509.500     0.446
 34519.000     0.503
 34528.500     0.538
 34537.500     0.611
 34547.000     0.633
 34557.000     0.493
 34567.000     0.419
 34577.000     0.300
 34586.500     0.182
 34595.500    -0.026
 34604.000    -0.059
 34612.500    -0.108
 34621.000    -0.260
 34629.500    -0.404
 34638.500    -0.250
 34647.000    -0.239
 34655.000    -0.122
 34663.500     0.010
 34672.000     0.326
 34680.500     0.547
 34689.500     0.511
 34698.000     0.526
 34706.500     0.835
 34715.000     0.926
 34723.500     0.890
 34732.500     0.839
 34741.500     0.793
 34750.500     0.785
 34759.500     0.759
 34768.500     0.841
 34777.500     0.809
 34786.000     0.603
 34794.500     0.305
 34803.000     0.225
 34811.000     0.229
 34819.000     0.316
 34827.500     0.237
 34836.000     0.294
 34844.500     0.147
 34853.000    -0.191
 34861.500    -0.240
 34870.000     0.012
 34878.500     0.138
 34887.000     0.098
 34895.500     0.010
 34904.500    -0.094
 34913.500     0.174
 34922.500     0.040
 34931.500     0.034
 34940.500     0.114
 34949.500     0.122
 34958.000     0.057
 34966.500    -0.003
 34975.500     0.062
 34984.000     0.239
 34992.500     0.381
 35001.500     0.199
 35010.500     0.144
 35019.000     0.204
 35027.500     0.482
 35036.000     0.368
 35044.500     0.513
 35053.000     0.880
 35061.000     1.104
 35069.000     1.039
 35077.000     0.933
 35085.500     0.961
 35094.000     1.014
 35102.000     0.940
 35110.000     0.855
 35118.000     1.013
 35126.500     0.937
 35135.000     0.659
 35143.500     0.447
 35152.000     0.361
 35160.500     0.376
 35169.500     0.467
 35178.000     0.649
 35186.500     0.624
 35195.000     0.422
 35203.000     0.426
 35211.500     0.365
 35220.000     0.282
 35228.500     0.280
 35237.000     0.192
 35245.000     0.130
 35253.000     0.133
 35261.000     0.014
 35269.000     0.143
 35277.000     0.242
 35285.000     0.142
 35293.500     0.088
 35302.000     0.126
 35310.000     0.082
 35318.500     0.200
 35327.000     0.120
 35335.500    -0.017
 35344.000    -0.030
 35352.000    -0.187
 35360.500    -0.120
 35369.000    -0.126
 35377.500     0.104
 35386.500     0.250
 35395.000     0.324
 35403.500     0.391
 35412.000     0.725
 35420.500     0.682
 35429.500     0.532
 35438.000     0.506
 35446.500     0.500
 35455.500     0.534
 35464.500     0.489
 35473.000     0.321
 35481.500     0.308
 35489.500     0.283
 35497.000     0.105
 35505.000     0.081
 35513.000     0.217
 35521.000     0.281
 35529.000     0.260
 35537.000     0.161
 35545.000    -0.023
 35553.500    -0.083
 35562.000    -0.163
 35570.000    -0.022
 35578.000    -0.023
 35586.000    -0.199
 35594.000    -0.199
 35602.500    -0.139
 35611.000    -0.012
 35619.000     0.151
 35627.000     0.300
 35635.000     0.491
 35643.000     0.394
 35651.500     0.192
 35660.000     0.257
 35668.500     0.352
 35677.000     0.312
 35685.000     0.446
 35693.000     0.381
 35700.500     0.424
 35708.000     0.460
 35716.000     0.407
 35723.500     0.464
 35731.000     0.640
 35739.000     0.602
 35747.000     0.865
 35754.500     0.828
 35762.000     0.748
 35770.000     0.656
 35778.000     0.415
 35786.000     0.433
 35794.000     0.324
 35802.000     0.404
 35810.000     0.269
 35817.500     0.181
 35825.500     0.126
 35834.000     0.321
 35842.000     0.300
 35850.000     0.329
 35858.000     0.536
 35866.000     0.598
 35874.000     0.660
 35882.000     0.675
 35890.000     0.586
 35898.000     0.611
 35906.000     0.546
 35914.000     0.356
 35922.000     0.352
 35930.000     0.439
 35938.000     0.350
 35946.000     0.087
 35954.000     0.062
 35962.000     0.010
 35970.000     0.001
 35978.000    -0.120
 35986.000    -0.073
 35994.000     0.026
 36002.500    -0.045
 36011.000    -0.062
 36019.500    -0.022
 36028.000     0.077
 36036.500     0.209
 36045.000     0.426
 36053.500     0.720
 36062.500     0.865
 36071.500     0.792
 36080.500     0.854
 36089.000     0.887
 36097.500     0.927
 36106.500     0.879
 36115.500     0.777
 36124.000     0.549
 36132.000     0.404
 36140.000     0.268
 36147.500     0.130
 36155.000     0.125
 36162.500     0.100
 36170.000     0.242
 36178.000     0.120
 36186.000     0.195
 36194.000     0.164
 36202.500     0.311
 36211.000     0.422
 36219.000     0.465
 36227.500     0.554
 36236.000     0.508
 36244.000     0.517
 36252.000     0.374
 36259.500     0.403
 36267.000     0.688
 36275.000     0.755
 36283.000     0.672
 36291.000     0.413
 36299.000     0.260
 36306.500     0.277
 36314.000     0.413
 36322.000     0.373
 36330.000     0.399
 36337.500     0.411
 36344.500     0.187
 36351.500     0.189
 36359.000     0.156
 36366.500     0.254
 36373.500     0.199
 36380.500     0.123
 36388.000     0.049
 36396.000    -0.044
 36404.000    -0.111
 36412.500    -0.256
 36421.000    -0.231
 36429.000    -0.196
 36437.000     0.027
 36445.500    -0.010
 36453.500     0.163
 36461.000    -0.092
 36469.000    -0.127
 36477.000    -0.205
 36485.000    -0.317
 36493.500    -0.291
 36502.000    -0.512
 36510.000    -0.503
 36518.000    -0.633
 36525.500    -0.458
 36533.000    -0.402
 36541.000     0.091
 36549.500     0.131
 36558.000     0.308
 36566.000     0.556
 36574.000     0.658
 36582.000     0.794
 36590.000     0.771
 36598.000     0.735
 36606.500     0.711
 36615.000     0.610
 36623.000     0.537
 36631.000     0.610
 36639.000     0.558
 36647.500     0.420
 36656.000     0.354
 36664.000     0.311
 36672.000     0.363
 36680.000     0.231
 36688.000     0.173
 36696.000    -0.025
 36704.000    -0.125
 36712.000    -0.189
 36720.000    -0.226
 36728.000    -0.195
 36736.500    -0.217
 36745.000    -0.250
 36753.000    -0.209
 36761.500    -0.113
 36770.000     0.094
 36778.000     0.364
 36786.000     0.395
 36794.500     0.296
 36803.000     0.160
 36811.500     0.026
 36820.500     0.018
 36829.000     0.105
 36837.000     0.111
 36844.500     0.026
 36852.000    -0.365
 36859.500    -0.517
 36867.000    -0.592
 36874.500    -0.380
 36882.000    -0.289
 36889.500    -0.199
 36897.000    -0.207
 36904.500    -0.434
 36911.500    -0.612
 36919.000    -0.623
 36926.500    -0.394
 36934.000    -0.456
 36941.500    -0.350
 36949.000    -0.503
 36956.500    -0.442
 36964.000    -0.482
 36972.000    -0.335
 36979.500    -0.161
 36987.000    -0.003
 36995.000     0.173
 37003.000     0.177
 37011.000     0.292
 37019.000     0.240
 37027.000     0.263
 37035.000     0.203
 37042.500     0.278
 37050.000     0.108
 37057.500     0.083
 37065.000     0.287
 37072.500     0.406
 37080.000     0.367
 37087.500     0.376
 37095.000     0.324
 37102.500     0.354
 37110.000     0.581
 37118.000     0.595
 37125.500     0.811
 37133.000     0.744
 37140.500     0.472
 37147.500     0.328
 37154.500     0.332
 37161.500     0.503
 37168.500     0.675
 37175.500     0.582
 37182.500     0.365
 37189.500     0.412
 37196.500     0.242
 37203.500     0.165
 37210.500     0.247
 37217.500     0.220
 37224.500     0.228
 37232.000     0.005
 37239.500    -0.168
 37246.500     0.017
 37253.500     0.061
 37261.000     0.045
 37268.500     0.101
 37276.000     0.259
 37283.500     0.048
 37291.000    -0.060
 37299.000    -0.153
 37307.000    -0.088
 37314.500     0.087
 37322.000    -0.111
 37330.000    -0.175
 37338.000    -0.160
 37346.000    -0.237
 37353.500    -0.100
 37360.500    -0.092
 37368.000    -0.081
 37375.500    -0.231
 37382.500    -0.426
 37390.000    -0.476
 37398.000    -0.517
 37406.000    -0.733
 37413.500    -0.871
 37421.000    -0.783
 37429.000    -0.909
 37437.000    -0.907
 37445.000    -0.863
 37452.500    -0.681
 37460.000    -0.547
 37467.500    -0.679
 37475.000    -0.771
 37483.000    -0.512
 37491.000    -0.464
 37499.000    -0.654
 37507.000    -0.790
 37515.000    -0.703
 37523.000    -0.584
 37531.000    -0.629
 37539.500    -0.559
 37548.000    -0.566
 37556.500    -0.363
 37565.000    -0.419
 37573.500    -0.341
 37582.000    -0.094
 37590.500    -0.029
 37599.000    -0.099
 37607.500    -0.077
 37616.000    -0.049
 37624.500    -0.055
 37633.000    -0.079
 37641.500    -0.168
 37650.500    -0.259
 37660.000    -0.339
 37669.500    -0.623
 37679.000    -0.676
 37688.500    -0.502
 37697.000    -0.393
 37704.500    -0.409
 37712.000    -0.404
 37720.000    -0.291
 37728.000    -0.175
 37736.000     0.023
 37743.500    -0.114
 37750.500    -0.051
 37758.000    -0.090
 37765.500    -0.287
 37772.500    -0.650
 37780.000    -0.525
 37787.500    -0.299
 37794.500    -0.189
 37802.000    -0.103
 37810.000    -0.086
 37817.500    -0.081
 37825.000     0.079
 37833.000     0.251
 37841.000     0.324
 37848.500     0.569
 37855.500     0.151
 37863.000    -0.348
 37870.500    -0.605
 37877.500    -0.885
 37884.500    -1.108
 37891.500    -0.905
 37898.500    -0.905
 37906.000    -1.061
 37913.500    -0.849
 37920.500    -0.815
 37927.500    -0.647
 37934.500    -0.282
 37941.500    -0.155
 37948.500    -0.126
 37955.500     0.114
 37963.000     0.207
 37970.500     0.159
 37978.000     0.250
 37985.500    -0.038
 37992.500    -0.127
 38000.000     0.023
 38007.500    -0.179
 38014.500    -0.200
 38021.500    -0.045
 38028.500     0.013
 38035.500    -0.062
 38042.500    -0.000
 38049.500     0.045
 38057.000     0.254
 38064.500     0.133
 38071.500    -0.073
 38079.000    -0.098
 38086.500    -0.311
 38094.000    -0.459
 38102.000    -0.559
 38110.000    -0.750
 38118.000    -0.719
 38126.000    -0.645
 38134.000    -0.740
 38142.000    -0.618
 38150.000    -0.384
 38158.500    -0.059
 38167.000     0.123
 38175.000     0.151
 38183.500     0.071
 38192.000     0.095
 38199.500    -0.092
 38207.000    -0.175
 38214.500    -0.182
 38221.500    -0.333
 38228.500    -0.341
 38235.500    -0.798
 38242.500    -0.871
 38250.000    -0.896
 38257.500    -0.820
 38265.000    -0.655
 38272.500    -0.497
 38280.000    -0.471
 38287.500    -0.471
 38295.000    -0.240
 38302.500    -0.333
 38309.500    -0.247
 38316.500    -0.234
 38323.500    -0.347
 38330.000    -0.357
 38336.500    -0.299
 38343.500    -0.295
 38350.500    -0.536
 38358.000    -0.658
 38365.500    -0.798
 38373.000    -0.655
 38380.500    -0.390
 38388.000    -0.390
 38395.500    -0.218
 38402.500    -0.413
 38410.000    -0.655
 38417.500    -0.675
 38424.500    -0.517
 38431.500    -0.426
 38438.500    -0.580
 38445.500    -0.719
 38452.500    -0.916
 38459.500    -0.926
 38466.500    -1.092
 38473.500    -1.110
 38480.500    -1.254
 38487.500    -1.223
 38494.500    -0.946
 38502.000    -0.901
 38509.500    -0.556
 38516.500    -0.503
 38523.500    -0.593
 38530.500    -0.562
 38537.500    -0.404
 38544.500    -0.277
 38552.000    -0.256
 38560.000    -0.256
 38568.000    -0.545
 38576.500    -0.329
 38585.000    -0.462
 38593.500    -0.576
 38601.500    -0.369
 38608.500    -0.485
 38615.500    -0.586
 38622.000    -0.244
 38628.000    -0.057
 38633.500    -0.139
 38639.000    -0.194
 38645.000    -0.571
 38654.000    -0.802
 38666.500    -0.696
 38680.000    -0.781
 38693.500    -0.818
 38706.500    -0.699
 38720.000    -0.983
 38733.500    -1.027
 38747.000    -0.619
 38760.500    -0.633
 38774.000    -0.437
 38787.500     0.153
 38800.500     0.655
 38813.500     0.662
 38826.500     0.846
 38840.000     0.852
 38853.500     0.776
 38867.000     0.757
 38881.500     0.334
 38896.000     0.434
 38910.000     0.376
 38924.000    -0.030
 38938.000    -0.512
 38952.000    -0.552
 38966.000    -0.696
 38980.000    -0.773
 38994.000    -0.793
 39008.000    -0.762
 39022.500    -0.785
 39037.000    -0.729
 39051.000    -0.757
 39065.500    -0.707
 39080.000    -0.852
 39094.000    -0.936
 39107.500    -0.918
 39121.000    -0.811
 39134.500    -0.767
 39147.000    -0.668
 39158.500    -0.684
 39170.000    -0.666
 39182.000    -0.725
 39194.000    -0.805
 39206.500    -0.876
 39219.000    -0.948
 39231.000    -0.786
 39243.500    -0.953
 39256.500    -1.131
 39269.500    -1.331
 39282.500    -1.431
 39295.000    -1.603
 39307.500    -1.446
 39320.500    -1.452
 39333.500    -1.236
 39346.000    -1.205
 39358.000    -1.318
 39370.000    -1.273
 39382.000    -1.111
 39394.000    -1.061
 39406.000    -1.110
 39418.500    -1.083
 39431.000    -1.208
 39443.000    -1.204
 39455.000    -1.231
 39467.500    -1.340
 39480.000    -1.472
 39492.000    -1.499
 39503.500    -1.516
 39515.000    -1.604
 39526.500    -1.520
 39537.500    -1.578
 39548.500    -1.729
 39559.000    -1.646
 39569.500    -1.569
 39580.500    -1.338
 39591.000    -1.141
 39602.000    -1.005
 39613.500    -1.108
 39624.500    -0.979
 39635.500    -0.916
 39646.500    -0.867
 39657.500    -0.788
 39668.000    -0.805
 39678.500    -0.819
 39689.500    -0.806
 39700.000    -1.049
 39710.500    -1.092
 39721.500    -1.002
 39732.000    -0.950
 39742.500    -1.014
 39753.000    -0.966
 39763.000    -0.829
 39773.000    -1.004
 39783.000    -1.266
 39793.000    -1.423
 39802.500    -1.208
 39812.000    -1.093
 39822.000    -1.104
 39831.500    -1.092
 39841.000    -0.824
 39851.000    -0.736
 39860.500    -0.784
 39870.000    -0.666
 39879.500    -0.425
 39888.500    -0.156
 40000.000    -0.031
