    0.000     0.000
    0.122    -0.160
    0.192    -0.160
    0.296    -0.160
    0.365    -0.160
    0.435    -0.160
    0.504    -0.170
    0.574    -0.170
    0.643    -0.170
    0.712    -0.180
    0.782    -0.180
    0.851    -0.190
    0.921    -0.190
    0.990    -0.200
    1.060    -0.200
    1.129    -0.200
    1.199    -0.210
    1.268    -0.210
    1.372    -0.220
    1.442    -0.220
    1.511    -0.230
    1.581    -0.230
    1.650    -0.240
    1.720    -0.240
    1.789    -0.240
    1.859    -0.250
    1.928    -0.250
    1.997    -0.260
    2.067    -0.260
    2.136    -0.270
    2.206    -0.270
    2.275    -0.270
    2.345    -0.280
    2.414    -0.290
    2.484    -0.320
    2.553    -0.350
    2.623    -0.380
    2.692    -0.410
    2.762    -0.440
    2.831    -0.470
    2.901    -0.510
    2.970    -0.540
    3.039    -0.570
    3.109    -0.600
    3.178    -0.630
    3.248    -0.670
    3.317    -0.700
    3.387    -0.730
    3.456    -0.760
    3.526    -0.800
    3.595    -0.830
    3.665    -0.860
    3.734    -0.890
    3.803    -0.930
    3.873    -0.960
    3.942    -0.990
    4.012    -1.020
    4.081    -1.060
    4.151    -1.090
    4.220    -1.120
    4.290    -1.150
    4.359    -1.190
    4.429    -1.220
    4.498    -1.250
    4.568    -1.280
    4.637    -1.320
    4.707    -1.360
    4.776    -1.430
    4.845    -1.520
    4.915    -1.600
    4.984    -1.690
    5.054    -1.770
    5.123    -1.860
    5.193    -1.940
    5.262    -2.030
    5.332    -2.110
    5.401    -2.200
    5.470    -2.280
    5.540    -2.370
    5.609    -2.450
    5.679    -2.540
    5.748    -2.620
    5.818    -2.710
    5.887    -2.790
    5.957    -2.880
    6.026    -2.960
    6.096    -3.050
    6.165    -3.130
    6.235    -3.220
    6.304    -3.300
    6.373    -3.390
    6.443    -3.470
    6.512    -3.560
    6.582    -3.640
    6.651    -3.730
    6.721    -3.810
    6.790    -4.010
    6.860    -4.460
    6.929    -4.930
    6.999    -5.390
    7.068    -5.860
    7.138    -6.320
    7.207    -6.780
    7.277    -7.250
    7.346    -7.710
    7.415    -8.170
    7.485    -8.640
    7.554    -9.100
    7.624    -9.570
    7.693   -10.030
    7.763   -10.490
    7.832   -10.960
    7.902   -11.430
    7.971   -11.970
    8.040   -12.570
    8.110   -13.170
    8.179   -13.780
    8.249   -14.530
    8.318   -15.390
    8.388   -16.260
    8.457   -17.130
    8.527   -17.990
    8.596   -18.860
    8.700   -20.160
    8.805   -21.460
    8.978   -24.990
    9.082   -26.870
    9.187   -28.770
    9.291   -30.590
    9.395   -32.180
    9.499   -33.350
    9.603   -34.170
    9.708   -35.280
    9.812   -36.500
    9.916   -37.870
   10.020   -39.280
   10.124   -40.690
   10.229   -42.100
   10.333   -43.500
   10.437   -44.920
   10.541   -46.390
   10.645   -48.040
   10.749   -49.920
   10.854   -51.920
   10.958   -54.020
   11.062   -56.150
   11.166   -58.200
   11.270   -59.560
   11.375   -60.490
   11.479   -61.110
   11.583   -61.430
   11.687   -61.730
   11.791   -62.020
   11.896   -62.300
   12.000   -62.580
   12.104   -62.880
   12.208   -63.240
   12.312   -63.810
   12.417   -64.750
   12.521   -65.890
   12.625   -67.060
   12.729   -68.220
   12.833   -69.380
   12.937   -70.540
   13.042   -71.710
   13.146   -72.870
   13.250   -74.030
   13.354   -75.190
   13.458   -76.360
   13.563   -77.520
   13.667   -78.710
   13.771   -80.190
   13.875   -82.670
   13.979   -86.140
   14.084   -89.740
   14.188   -93.340
   14.292   -96.940
   14.396  -100.530
   14.500  -103.100
   14.605  -102.660
   14.709  -101.480
   14.813  -100.290
   14.917   -99.440
   15.021   -99.500
   15.125  -100.390
   15.203  -101.820
   15.334  -103.960
   15.438  -106.700
   15.542  -109.100
   15.646  -111.080
   15.751  -112.840
   15.855  -114.530
   15.959  -116.180
   16.063  -117.790
   16.167  -119.300
   16.272  -120.660
   16.376  -121.900
   16.480  -122.900
   16.584  -123.450
   16.688  -123.610
   16.792  -123.590
   16.897  -123.510
   17.001  -123.420
   17.105  -123.310
   17.209  -123.190
   17.313  -123.070
   17.418  -122.930
   17.522  -122.800
   17.626  -122.680
   17.730  -122.560
   17.834  -122.470
   17.939  -122.410
   18.043  -122.400
   18.147  -122.430
   18.251  -122.520
   18.355  -122.700
   18.460  -123.010
   18.564  -123.440
   18.668  -123.950
   18.772  -124.500
   18.876  -125.070
   18.980  -125.650
   19.085  -126.230
   19.189  -126.810
   19.293  -127.410
   19.397  -128.020
   19.501  -128.660
   19.606  -129.340
   19.710  -130.040
   19.814  -130.750
   19.918  -131.440
   20.082  -131.440
   20.186  -130.750
   20.290  -130.040
   20.394  -129.340
   20.499  -128.660
   20.603  -128.020
   20.707  -127.410
   20.811  -126.810
   20.915  -126.230
   21.020  -125.650
   21.124  -125.070
   21.228  -124.500
   21.332  -123.950
   21.436  -123.440
   21.540  -123.010
   21.645  -122.700
   21.749  -122.520
   21.853  -122.430
   21.957  -122.400
   22.061  -122.410
   22.166  -122.470
   22.270  -122.560
   22.374  -122.680
   22.478  -122.800
   22.582  -122.930
   22.687  -123.070
   22.791  -123.190
   22.895  -123.310
   22.999  -123.420
   23.103  -123.510
   23.208  -123.590
   23.312  -123.610
   23.416  -123.450
   23.520  -122.900
   23.624  -121.900
   23.728  -120.660
   23.833  -119.300
   23.937  -117.790
   24.041  -116.180
   24.145  -114.530
   24.249  -112.840
   24.354  -111.080
   24.458  -109.100
   24.562  -106.700
   24.666  -103.960
   24.797  -101.820
   24.875  -100.390
   24.979   -99.500
   25.083   -99.440
   25.187  -100.290
   25.291  -101.480
   25.395  -102.660
   25.500  -103.100
   25.604  -100.530
   25.708   -96.940
   25.812   -93.340
   25.916   -89.740
   26.021   -86.140
   26.125   -82.670
   26.229   -80.190
   26.333   -78.710
   26.437   -77.520
   26.542   -76.360
   26.646   -75.190
   26.750   -74.030
   26.854   -72.870
   26.958   -71.710
   27.063   -70.540
   27.167   -69.380
   27.271   -68.220
   27.375   -67.060
   27.479   -65.890
   27.583   -64.750
   27.688   -63.810
   27.792   -63.240
   27.896   -62.880
   28.000   -62.580
   28.104   -62.300
   28.209   -62.020
   28.313   -61.730
   28.417   -61.430
   28.521   -61.110
   28.625   -60.490
   28.730   -59.560
   28.834   -58.200
   28.938   -56.150
   29.042   -54.020
   29.146   -51.920
   29.251   -49.920
   29.355   -48.040
   29.459   -46.390
   29.563   -44.920
   29.667   -43.500
   29.771   -42.100
   29.876   -40.690
   29.980   -39.280
   30.084   -37.870
   30.188   -36.500
   30.292   -35.280
   30.397   -34.170
   30.501   -33.350
   30.605   -32.180
   30.709   -30.590
   30.813   -28.770
   30.918   -26.870
   31.022   -24.990
   31.195   -21.460
   31.300   -20.160
   31.404   -18.860
   31.473   -17.990
   31.543   -17.130
   31.612   -16.260
   31.682   -15.390
   31.751   -14.530
   31.821   -13.780
   31.890   -13.170
   31.960   -12.570
   32.029   -11.970
   32.098   -11.430
   32.168   -10.960
   32.237   -10.490
   32.307   -10.030
   32.376    -9.570
   32.446    -9.100
   32.515    -8.640
   32.585    -8.170
   32.654    -7.710
   32.723    -7.250
   32.793    -6.780
   32.862    -6.320
   32.932    -5.860
   33.001    -5.390
   33.071    -4.930
   33.140    -4.460
   33.210    -4.010
   33.279    -3.810
   33.349    -3.730
   33.418    -3.640
   33.488    -3.560
   33.557    -3.470
   33.627    -3.390
   33.696    -3.300
   33.765    -3.220
   33.835    -3.130
   33.904    -3.050
   33.974    -2.960
   34.043    -2.880
   34.113    -2.790
   34.182    -2.710
   34.252    -2.620
   34.321    -2.540
   34.391    -2.450
   34.460    -2.370
   34.530    -2.280
   34.599    -2.200
   34.668    -2.110
   34.738    -2.030
   34.807    -1.940
   34.877    -1.860
   34.946    -1.770
   35.016    -1.690
   35.085    -1.600
   35.155    -1.520
   35.224    -1.430
   35.293    -1.360
   35.363    -1.320
   35.432    -1.280
   35.502    -1.250
   35.571    -1.220
   35.641    -1.190
   35.710    -1.150
   35.780    -1.120
   35.849    -1.090
   35.919    -1.060
   35.988    -1.020
   36.058    -0.990
   36.127    -0.960
   36.197    -0.930
   36.266    -0.890
   36.335    -0.860
   36.405    -0.830
   36.474    -0.800
   36.544    -0.760
   36.613    -0.730
   36.683    -0.700
   36.752    -0.670
   36.822    -0.630
   36.891    -0.600
   36.961    -0.570
   37.030    -0.540
   37.099    -0.510
   37.169    -0.470
   37.238    -0.440
   37.308    -0.410
   37.377    -0.380
   37.447    -0.350
   37.516    -0.320
   37.586    -0.290
   37.655    -0.280
   37.725    -0.270
   37.794    -0.270
   37.864    -0.270
   37.933    -0.260
   38.003    -0.260
   38.072    -0.250
   38.141    -0.250
   38.211    -0.240
   38.280    -0.240
   38.350    -0.240
   38.419    -0.230
   38.489    -0.230
   38.558    -0.220
   38.628    -0.220
   38.732    -0.210
   38.801    -0.210
   38.871    -0.200
   38.940    -0.200
   39.010    -0.200
   39.079    -0.190
   39.149    -0.190
   39.218    -0.180
   39.288    -0.180
   39.357    -0.170
   39.426    -0.170
   39.496    -0.170
   39.565    -0.160
   39.635    -0.160
   39.704    -0.160
   39.808    -0.160
   39.878    -0.160
   40.000     0.000
