     0.00000      0.00000
    50.00000     -0.14436
   100.00000     -0.14980
   150.00000     -0.16450
   200.00000     -0.15846
   250.00000     -0.15054
   300.00000     -0.13700
   350.00000     -0.12216
   400.00000     -0.11282
   450.00000     -0.09706
   500.00000     -0.10052
   550.00000     -0.09954
   600.00000     -0.09422
   650.00000     -0.08354
   700.00000     -0.06692
   750.00000     -0.05324
   800.00000     -0.04204
   850.00000     -0.04330
   900.00000     -0.02192
   950.00000     -0.01578
  1000.00000     -0.00794
  1050.00000     -0.00660
  1100.00000      0.00358
  1150.00000      0.00858
  1200.00000     -0.00576
  1250.00000      0.00686
  1300.00000      0.01876
  1350.00000      0.03776
  1400.00000      0.03044
  1450.00000      0.03166
  1500.00000      0.03234
  1550.00000      0.05476
  1600.00000      0.05718
  1650.00000      0.06216
  1700.00000      0.07462
  1750.00000      0.07192
  1800.00000      0.07528
  1850.00000      0.06420
  1900.00000      0.09002
  1950.00000      0.09318
  2000.00000      0.09158
  2050.00000      0.08292
  2100.00000      0.06782
  2150.00000      0.08194
  2200.00000      0.09040
  2250.00000      0.11264
  2300.00000      0.11478
  2350.00000      0.12634
  2400.00000      0.12106
  2450.00000      0.12724
  2500.00000      0.12826
  2550.00000      0.13242
  2600.00000      0.14720
  2650.00000      0.15658
  2700.00000      0.15184
  2750.00000      0.15956
  2800.00000      0.16344
  2850.00000      0.15348
  2900.00000      0.14408
  2950.00000      0.13428
  3000.00000      0.13450
  3050.00000      0.14800
  3100.00000      0.16154
  3150.00000      0.16284
  3200.00000      0.17118
  3250.00000      0.17504
  3300.00000      0.17558
  3350.00000      0.17476
  3400.00000      0.15758
  3450.00000      0.15326
  3500.00000      0.15702
  3550.00000      0.17286
  3600.00000      0.17806
  3650.00000      0.18200
  3700.00000      0.18092
  3750.00000      0.17320
  3800.00000      0.16634
  3850.00000      0.15946
  3900.00000      0.16778
  3950.00000      0.15332
  4000.00000      0.15396
  4050.00000      0.15630
  4100.00000      0.15310
  4150.00000      0.14630
  4200.00000      0.14166
  4250.00000      0.13738
  4300.00000      0.13264
  4350.00000      0.13236
  4400.00000      0.12162
  4450.00000      0.10982
  4500.00000      0.10764
  4550.00000      0.10950
  4600.00000      0.09798
  4650.00000      0.09124
  4700.00000      0.08548
  4750.00000      0.07216
  4800.00000      0.06772
  4850.00000      0.06232
  4900.00000      0.05456
  4950.00000      0.02738
  5000.00000      0.02108
  5050.00000      0.02122
  5100.00000      0.01438
  5150.00000      0.02114
  5200.00000      0.00582
  5250.00000     -0.00722
  5300.00000     -0.02656
  5350.00000     -0.04160
  5400.00000     -0.05114
  5450.00000     -0.06226
  5500.00000     -0.07620
  5550.00000     -0.07914
  5600.00000     -0.08688
  5650.00000     -0.09730
  5700.00000     -0.10272
  5750.00000     -0.10702
  5800.00000     -0.12128
  5850.00000     -0.12608
  5900.00000     -0.13804
  5950.00000     -0.14222
  6000.00000     -0.14436
  6050.00000     -0.15164
  6100.00000     -0.17708
  6150.00000     -0.19064
  6200.00000     -0.19118
  6250.00000     -0.19840
  6300.00000     -0.20348
  6350.00000     -0.21592
  6400.00000     -0.21790
  6450.00000     -0.21126
  6500.00000     -0.21664
  6550.00000     -0.21930
  6600.00000     -0.22060
  6650.00000     -0.22452
  6700.00000     -0.23196
  6750.00000     -0.23742
  6800.00000     -0.24338
  6850.00000     -0.24208
  6900.00000     -0.23902
  6950.00000     -0.24512
  7000.00000     -0.24472
  7050.00000     -0.25184
  7100.00000     -0.25448
  7150.00000     -0.24754
  7200.00000     -0.24090
  7250.00000     -0.23574
  7300.00000     -0.23636
  7350.00000     -0.23596
  7400.00000     -0.24050
  7450.00000     -0.22704
  7500.00000     -0.21764
  7550.00000     -0.21992
  7600.00000     -0.21950
  7650.00000     -0.21316
  7700.00000     -0.21584
  7750.00000     -0.21088
  7800.00000     -0.20104
  7850.00000     -0.20192
  7900.00000     -0.19782
  7950.00000     -0.19226
  8000.00000     -0.19176
  8050.00000     -0.18736
  8100.00000     -0.18424
  8150.00000     -0.17164
  8200.00000     -0.17842
  8250.00000     -0.16694
  8300.00000     -0.16426
  8350.00000     -0.16652
  8400.00000     -0.16636
  8450.00000     -0.16540
  8500.00000     -0.15246
  8550.00000     -0.14516
  8600.00000     -0.13278
  8650.00000     -0.13284
  8700.00000     -0.13234
  8750.00000     -0.13392
  8800.00000     -0.14088
  8850.00000     -0.14288
  8900.00000     -0.15716
  8950.00000     -0.15576
  9000.00000     -0.16592
  9050.00000     -0.17652
  9100.00000     -0.18140
  9150.00000     -0.18928
  9200.00000     -0.20300
  9250.00000     -0.21462
  9300.00000     -0.22378
  9350.00000     -0.24670
  9400.00000     -0.25494
  9450.00000     -0.27628
  9500.00000     -0.30000
  9550.00000     -0.32342
  9600.00000     -0.34778
  9650.00000     -0.37568
  9700.00000     -0.40016
  9750.00000     -0.42288
  9800.00000     -0.44844
  9850.00000     -0.46644
  9900.00000     -0.50026
  9950.00000     -0.53652
 10000.00000     -0.56568
 10050.00000     -0.59428
 10100.00000     -0.62732
 10150.00000     -0.65648
 10200.00000     -0.69020
 10250.00000     -0.72170
 10300.00000     -0.75638
 10350.00000     -0.78520
 10400.00000     -0.82024
 10450.00000     -0.85216
 10500.00000     -0.89394
 10550.00000     -0.92678
 10600.00000     -0.95754
 10650.00000     -0.99768
 10700.00000     -1.03612
 10750.00000     -1.06282
 10800.00000     -1.10664
 10850.00000     -1.13466
 10900.00000     -1.15762
 10950.00000     -1.18786
 11000.00000     -1.22524
 11050.00000     -1.25032
 11100.00000     -1.28116
 11150.00000     -1.30936
 11200.00000     -1.34008
 11250.00000     -1.36438
 11300.00000     -1.38938
 11350.00000     -1.42214
 11400.00000     -1.44586
 11450.00000     -1.46096
 11500.00000     -1.48330
 11550.00000     -1.51446
 11600.00000     -1.54554
 11650.00000     -1.57392
 11700.00000     -1.59322
 11750.00000     -1.61816
 11800.00000     -1.64292
 11850.00000     -1.66320
 11900.00000     -1.69056
 11950.00000     -1.71474
 12000.00000     -1.74436
 12050.00000     -1.76468
 12100.00000     -1.78402
 12150.00000     -1.80820
 12200.00000     -1.82006
 12250.00000     -1.83032
 12300.00000     -1.86124
 12350.00000     -1.87286
 12400.00000     -1.88522
 12450.00000     -1.90324
 12500.00000     -1.91270
 12550.00000     -1.92110
 12600.00000     -1.92626
 12650.00000     -1.94154
 12700.00000     -1.94592
 12750.00000     -1.95000
 12800.00000     -1.95640
 12850.00000     -1.97922
 12900.00000     -1.99120
 12950.00000     -2.00780
 13000.00000     -2.01820
 13050.00000     -2.03600
 13100.00000     -2.04800
 13150.00000     -2.06180
 13200.00000     -2.07620
 13250.00000     -2.08360
 13300.00000     -2.10460
 13350.00000     -2.11840
 13400.00000     -2.14160
 13450.00000     -2.15940
 13500.00000     -2.17780
 13550.00000     -2.20040
 13600.00000     -2.21840
 13650.00000     -2.23940
 13700.00000     -2.25480
 13750.00000     -2.28000
 13800.00000     -2.29920
 13850.00000     -2.30980
 13900.00000     -2.33760
 13950.00000     -2.36380
 14000.00000     -2.38200
 14050.00000     -2.40360
 14100.00000     -2.42720
 14150.00000     -2.45260
 14200.00000     -2.48180
 14250.00000     -2.50820
 14300.00000     -2.53600
 14350.00000     -2.57420
 14400.00000     -2.60960
 14450.00000     -2.64300
 14500.00000     -2.68140
 14550.00000     -2.71920
 14600.00000     -2.76220
 14650.00000     -2.79420
 14700.00000     -2.82960
 14750.00000     -2.87360
 14800.00000     -2.90940
 14850.00000     -2.94800
 14900.00000     -2.98360
 14950.00000     -3.01740
 15000.00000     -3.04520
 15050.00000     -3.06180
 15100.00000     -3.08500
 15150.00000     -3.11500
 15200.00000     -3.14760
 15250.00000     -3.17280
 15300.00000     -3.20220
 15350.00000     -3.22280
 15400.00000     -3.26260
 15450.00000     -3.29160
 15500.00000     -3.32320
 15550.00000     -3.36040
 15600.00000     -3.39080
 15650.00000     -3.42700
 15700.00000     -3.45080
 15750.00000     -3.49100
 15800.00000     -3.52720
 15850.00000     -3.55660
 15900.00000     -3.56500
 15950.00000     -3.59280
 16000.00000     -3.61120
 16050.00000     -3.63020
 16100.00000     -3.64640
 16150.00000     -3.66940
 16200.00000     -3.68200
 16250.00000     -3.70580
 16300.00000     -3.72680
 16350.00000     -3.74900
 16400.00000     -3.76580
 16450.00000     -3.77860
 16500.00000     -3.79920
 16550.00000     -3.81320
 16600.00000     -3.81980
 16650.00000     -3.82880
 16700.00000     -3.83420
 16750.00000     -3.85540
 16800.00000     -3.86160
 16850.00000     -3.87120
 16900.00000     -3.87620
 16950.00000     -3.88860
 17000.00000     -3.90380
 17050.00000     -3.92080
 17100.00000     -3.92880
 17150.00000     -3.93420
 17200.00000     -3.93800
 17250.00000     -3.95220
 17300.00000     -3.96660
 17350.00000     -3.96920
 17400.00000     -3.96580
 17450.00000     -3.96460
 17500.00000     -3.96600
 17550.00000     -3.98280
 17600.00000     -3.98320
 17650.00000     -3.97580
 17700.00000     -3.97120
 17750.00000     -3.98220
 17800.00000     -3.98600
 17850.00000     -3.99360
 17900.00000     -3.99560
 17950.00000     -3.99420
 18000.00000     -3.98980
 18050.00000     -3.99360
 18100.00000     -4.00940
 18150.00000     -4.01120
 18200.00000     -4.00740
 18250.00000     -4.00740
 18300.00000     -4.01340
 18350.00000     -4.01960
 18400.00000     -4.02700
 18450.00000     -4.03040
 18500.00000     -4.03260
 18550.00000     -4.02740
 18600.00000     -4.02720
 18650.00000     -4.03420
 18700.00000     -4.04180
 18750.00000     -4.05160
 18800.00000     -4.05120
 18850.00000     -4.05360
 18900.00000     -4.06060
 18950.00000     -4.07440
 19000.00000     -4.07280
 19050.00000     -4.07160
 19100.00000     -4.07460
 19150.00000     -4.07480
 19200.00000     -4.08100
 19250.00000     -4.08820
 19300.00000     -4.08800
 19350.00000     -4.10400
 19400.00000     -4.10380
 19450.00000     -4.11000
 19500.00000     -4.10580
 19550.00000     -4.10400
 19600.00000     -4.11060
 19650.00000     -4.12240
 19700.00000     -4.12700
 19750.00000     -4.12740
 19800.00000     -4.12500
 19850.00000     -4.12580
 19900.00000     -4.13400
 19950.00000     -4.14040
 20000.00000     -4.14060
 20000.00000     -4.14060
 20050.00000     -4.14040
 20100.00000     -4.13400
 20150.00000     -4.12580
 20200.00000     -4.12500
 20250.00000     -4.12740
 20300.00000     -4.12700
 20350.00000     -4.12240
 20400.00000     -4.11060
 20450.00000     -4.10400
 20500.00000     -4.10580
 20550.00000     -4.11000
 20600.00000     -4.10380
 20650.00000     -4.10400
 20700.00000     -4.08800
 20750.00000     -4.08820
 20800.00000     -4.08100
 20850.00000     -4.07480
 20900.00000     -4.07460
 20950.00000     -4.07160
 21000.00000     -4.07280
 21050.00000     -4.07440
 21100.00000     -4.06060
 21150.00000     -4.05360
 21200.00000     -4.05120
 21250.00000     -4.05160
 21300.00000     -4.04180
 21350.00000     -4.03420
 21400.00000     -4.02720
 21450.00000     -4.02740
 21500.00000     -4.03260
 21550.00000     -4.03040
 21600.00000     -4.02700
 21650.00000     -4.01960
 21700.00000     -4.01340
 21750.00000     -4.00740
 21800.00000     -4.00740
 21850.00000     -4.01120
 21900.00000     -4.00940
 21950.00000     -3.99360
 22000.00000     -3.98980
 22050.00000     -3.99420
 22100.00000     -3.99560
 22150.00000     -3.99360
 22200.00000     -3.98600
 22250.00000     -3.98220
 22300.00000     -3.97120
 22350.00000     -3.97580
 22400.00000     -3.98320
 22450.00000     -3.98280
 22500.00000     -3.96600
 22550.00000     -3.96460
 22600.00000     -3.96580
 22650.00000     -3.96920
 22700.00000     -3.96660
 22750.00000     -3.95220
 22800.00000     -3.93800
 22850.00000     -3.93420
 22900.00000     -3.92880
 22950.00000     -3.92080
 23000.00000     -3.90380
 23050.00000     -3.88860
 23100.00000     -3.87620
 23150.00000     -3.87120
 23200.00000     -3.86160
 23250.00000     -3.85540
 23300.00000     -3.83420
 23350.00000     -3.82880
 23400.00000     -3.81980
 23450.00000     -3.81320
 23500.00000     -3.79920
 23550.00000     -3.77860
 23600.00000     -3.76580
 23650.00000     -3.74900
 23700.00000     -3.72680
 23750.00000     -3.70580
 23800.00000     -3.68200
 23850.00000     -3.66940
 23900.00000     -3.64640
 23950.00000     -3.63020
 24000.00000     -3.61120
 24050.00000     -3.59280
 24100.00000     -3.56500
 24150.00000     -3.55660
 24200.00000     -3.52720
 24250.00000     -3.49100
 24300.00000     -3.45080
 24350.00000     -3.42700
 24400.00000     -3.39080
 24450.00000     -3.36040
 24500.00000     -3.32320
 24550.00000     -3.29160
 24600.00000     -3.26260
 24650.00000     -3.22280
 24700.00000     -3.20220
 24750.00000     -3.17280
 24800.00000     -3.14760
 24850.00000     -3.11500
 24900.00000     -3.08500
 24950.00000     -3.06180
 25000.00000     -3.04520
 25050.00000     -3.01740
 25100.00000     -2.98360
 25150.00000     -2.94800
 25200.00000     -2.90940
 25250.00000     -2.87360
 25300.00000     -2.82960
 25350.00000     -2.79420
 25400.00000     -2.76220
 25450.00000     -2.71920
 25500.00000     -2.68140
 25550.00000     -2.64300
 25600.00000     -2.60960
 25650.00000     -2.57420
 25700.00000     -2.53600
 25750.00000     -2.50820
 25800.00000     -2.48180
 25850.00000     -2.45260
 25900.00000     -2.42720
 25950.00000     -2.40360
 26000.00000     -2.38200
 26050.00000     -2.36380
 26100.00000     -2.33760
 26150.00000     -2.30980
 26200.00000     -2.29920
 26250.00000     -2.28000
 26300.00000     -2.25480
 26350.00000     -2.23940
 26400.00000     -2.21840
 26450.00000     -2.20040
 26500.00000     -2.17780
 26550.00000     -2.15940
 26600.00000     -2.14160
 26650.00000     -2.11840
 26700.00000     -2.10460
 26750.00000     -2.08360
 26800.00000     -2.07620
 26850.00000     -2.06180
 26900.00000     -2.04800
 26950.00000     -2.03600
 27000.00000     -2.01820
 27050.00000     -2.00780
 27100.00000     -1.99120
 27150.00000     -1.97922
 27200.00000     -1.95640
 27250.00000     -1.95000
 27300.00000     -1.94592
 27350.00000     -1.94154
 27400.00000     -1.92626
 27450.00000     -1.92110
 27500.00000     -1.91270
 27550.00000     -1.90324
 27600.00000     -1.88522
 27650.00000     -1.87286
 27700.00000     -1.86124
 27750.00000     -1.83032
 27800.00000     -1.82006
 27850.00000     -1.80820
 27900.00000     -1.78402
 27950.00000     -1.76468
 28000.00000     -1.74436
 28050.00000     -1.71474
 28100.00000     -1.69056
 28150.00000     -1.66320
 28200.00000     -1.64292
 28250.00000     -1.61816
 28300.00000     -1.59322
 28350.00000     -1.57392
 28400.00000     -1.54554
 28450.00000     -1.51446
 28500.00000     -1.48330
 28550.00000     -1.46096
 28600.00000     -1.44586
 28650.00000     -1.42214
 28700.00000     -1.38938
 28750.00000     -1.36438
 28800.00000     -1.34008
 28850.00000     -1.30936
 28900.00000     -1.28116
 28950.00000     -1.25032
 29000.00000     -1.22524
 29050.00000     -1.18786
 29100.00000     -1.15762
 29150.00000     -1.13466
 29200.00000     -1.10664
 29250.00000     -1.06282
 29300.00000     -1.03612
 29350.00000     -0.99768
 29400.00000     -0.95754
 29450.00000     -0.92678
 29500.00000     -0.89394
 29550.00000     -0.85216
 29600.00000     -0.82024
 29650.00000     -0.78520
 29700.00000     -0.75638
 29750.00000     -0.72170
 29800.00000     -0.69020
 29850.00000     -0.65648
 29900.00000     -0.62732
 29950.00000     -0.59428
 30000.00000     -0.56568
 30050.00000     -0.53652
 30100.00000     -0.50026
 30150.00000     -0.46644
 30200.00000     -0.44844
 30250.00000     -0.42288
 30300.00000     -0.40016
 30350.00000     -0.37568
 30400.00000     -0.34778
 30450.00000     -0.32342
 30500.00000     -0.30000
 30550.00000     -0.27628
 30600.00000     -0.25494
 30650.00000     -0.24670
 30700.00000     -0.22378
 30750.00000     -0.21462
 30800.00000     -0.20300
 30850.00000     -0.18928
 30900.00000     -0.18140
 30950.00000     -0.17652
 31000.00000     -0.16592
 31050.00000     -0.15576
 31100.00000     -0.15716
 31150.00000     -0.14288
 31200.00000     -0.14088
 31250.00000     -0.13392
 31300.00000     -0.13234
 31350.00000     -0.13284
 31400.00000     -0.13278
 31450.00000     -0.14516
 31500.00000     -0.15246
 31550.00000     -0.16540
 31600.00000     -0.16636
 31650.00000     -0.16652
 31700.00000     -0.16426
 31750.00000     -0.16694
 31800.00000     -0.17842
 31850.00000     -0.17164
 31900.00000     -0.18424
 31950.00000     -0.18736
 32000.00000     -0.19176
 32050.00000     -0.19226
 32100.00000     -0.19782
 32150.00000     -0.20192
 32200.00000     -0.20104
 32250.00000     -0.21088
 32300.00000     -0.21584
 32350.00000     -0.21316
 32400.00000     -0.21950
 32450.00000     -0.21992
 32500.00000     -0.21764
 32550.00000     -0.22704
 32600.00000     -0.24050
 32650.00000     -0.23596
 32700.00000     -0.23636
 32750.00000     -0.23574
 32800.00000     -0.24090
 32850.00000     -0.24754
 32900.00000     -0.25448
 32950.00000     -0.25184
 33000.00000     -0.24472
 33050.00000     -0.24512
 33100.00000     -0.23902
 33150.00000     -0.24208
 33200.00000     -0.24338
 33250.00000     -0.23742
 33300.00000     -0.23196
 33350.00000     -0.22452
 33400.00000     -0.22060
 33450.00000     -0.21930
 33500.00000     -0.21664
 33550.00000     -0.21126
 33600.00000     -0.21790
 33650.00000     -0.21592
 33700.00000     -0.20348
 33750.00000     -0.19840
 33800.00000     -0.19118
 33850.00000     -0.19064
 33900.00000     -0.17708
 33950.00000     -0.15164
 34000.00000     -0.14436
 34050.00000     -0.14222
 34100.00000     -0.13804
 34150.00000     -0.12608
 34200.00000     -0.12128
 34250.00000     -0.10702
 34300.00000     -0.10272
 34350.00000     -0.09730
 34400.00000     -0.08688
 34450.00000     -0.07914
 34500.00000     -0.07620
 34550.00000     -0.06226
 34600.00000     -0.05114
 34650.00000     -0.04160
 34700.00000     -0.02656
 34750.00000     -0.00722
 34800.00000      0.00582
 34850.00000      0.02114
 34900.00000      0.01438
 34950.00000      0.02122
 35000.00000      0.02108
 35050.00000      0.02738
 35100.00000      0.05456
 35150.00000      0.06232
 35200.00000      0.06772
 35250.00000      0.07216
 35300.00000      0.08548
 35350.00000      0.09124
 35400.00000      0.09798
 35450.00000      0.10950
 35500.00000      0.10764
 35550.00000      0.10982
 35600.00000      0.12162
 35650.00000      0.13236
 35700.00000      0.13264
 35750.00000      0.13738
 35800.00000      0.14166
 35850.00000      0.14630
 35900.00000      0.15310
 35950.00000      0.15630
 36000.00000      0.15396
 36050.00000      0.15332
 36100.00000      0.16778
 36150.00000      0.15946
 36200.00000      0.16634
 36250.00000      0.17320
 36300.00000      0.18092
 36350.00000      0.18200
 36400.00000      0.17806
 36450.00000      0.17286
 36500.00000      0.15702
 36550.00000      0.15326
 36600.00000      0.15758
 36650.00000      0.17476
 36700.00000      0.17558
 36750.00000      0.17504
 36800.00000      0.17118
 36850.00000      0.16284
 36900.00000      0.16154
 36950.00000      0.14800
 37000.00000      0.13450
 37050.00000      0.13428
 37100.00000      0.14408
 37150.00000      0.15348
 37200.00000      0.16344
 37250.00000      0.15956
 37300.00000      0.15184
 37350.00000      0.15658
 37400.00000      0.14720
 37450.00000      0.13242
 37500.00000      0.12826
 37550.00000      0.12724
 37600.00000      0.12106
 37650.00000      0.12634
 37700.00000      0.11478
 37750.00000      0.11264
 37800.00000      0.09040
 37850.00000      0.08194
 37900.00000      0.06782
 37950.00000      0.08292
 38000.00000      0.09158
 38050.00000      0.09318
 38100.00000      0.09002
 38150.00000      0.06420
 38200.00000      0.07528
 38250.00000      0.07192
 38300.00000      0.07462
 38350.00000      0.06216
 38400.00000      0.05718
 38450.00000      0.05476
 38500.00000      0.03234
 38550.00000      0.03166
 38600.00000      0.03044
 38650.00000      0.03776
 38700.00000      0.01876
 38750.00000      0.00686
 38800.00000     -0.00576
 38850.00000      0.00858
 38900.00000      0.00358
 38950.00000     -0.00660
 39000.00000     -0.00794
 39050.00000     -0.01578
 39100.00000     -0.02192
 39150.00000     -0.04330
 39200.00000     -0.04204
 39250.00000     -0.05324
 39300.00000     -0.06692
 39350.00000     -0.08354
 39400.00000     -0.09422
 39450.00000     -0.09954
 39500.00000     -0.10052
 39550.00000     -0.09706
 39600.00000     -0.11282
 39650.00000     -0.12216
 39700.00000     -0.13700
 39750.00000     -0.15054
 39800.00000     -0.15846
 39850.00000     -0.16450
 39900.00000     -0.14980
 39950.00000     -0.14436
 40000.00000      0.00000
